1728815938.54782  0.0742804951729076 -0.0555873762250262    0.10032536347157 -0.0878855754732002 0.0500995680714067 0.0256003962692515 0.994540486161152
1728815939.64479  0.0587762739961344 0.00973290171991032   0.128755399374409 -0.100012077406317 0.052312182293247 0.010284086199317 0.993556871813404
1728815970.97212 0.0587475893985646 0.0096739869994069  0.128694848156668 -0.100797152877408 0.0514774921652388 0.011105885537772 0.993512285318409
1728815973.60336  0.0596476417536412 0.00968706637885613   0.131501568961072 -0.101921968728818 0.043751738804424 0.0125813296721292 0.993750173728645
1728815975.26024 0.0593541653751119 0.0102188812182341  0.138872323472004 -0.107001200334758 0.0213703833974611 0.0216089485139234 0.993794296212495
1728815977.96853 0.0604300747872823 0.0116132307780713  0.153599979960798 -0.112974900385586 0.0302925492729129 0.0204034766079337 0.992926347461746
1728815979.28327 0.0599771614228919 0.0137840447891395  0.168053282607411 -0.116267375196641 0.0264347150021031 0.0237178144061225 0.992582776692925
1728815980.76185  0.062233227408967 0.0155892435369145  0.187365598338863 -0.124729562743294 0.0234345742515629 0.0282602293772693 0.991511329407314
1728815982.09722 0.0646371958859928 0.0177836095824965  0.204661947271214 -0.134630257668737 0.0260232663487935 0.0294208803561206 0.990117111824485
1728815983.35574 0.0681619916041517 0.0200494214002112  0.221560382721827 -0.146958507744314 0.0308170668202957 0.0334730489136098 0.988095673703
1728815984.52157 0.0746414053880563  0.022109215009452  0.239234030945341 -0.16097764169872 0.0372839129583184 0.0373857143354957 0.985544731136674
1728815985.89768 0.0701998448813964 0.0261713598593346  0.253716396998683 -0.159813597450028 0.0379516402388941 0.0368138513704575 0.9857302001159
1728815987.06326 0.0684407808028673 0.0294255223409987  0.268059576286438 -0.165125332149771 0.0287504487420885 0.0416195693654201 0.98497454171435
1728815988.13806 0.0665050117545454 0.0328527589321061  0.281490946110611 -0.170632597619286 0.0306650642471588 0.0414794609863691 0.983983549039664
1728815989.13635 0.0688503484704715 0.0359093700438438  0.296055007142879 -0.180270987924697 0.0337245590330754 0.0441783564367016 0.982045466286175
1728815990.08842 0.0694659255099669 0.0395220345951254  0.309673132723398 -0.188406764850251 0.0363179814597701 0.0449486120272365 0.980389472331366
1728815990.91289 0.0680026729127759 0.0432432541978207  0.321045920216974 -0.194343652292374 0.0390157862502695 0.0459938914391924 0.979077563417329
1728815991.72637 0.0713388304546129 0.0469257929526883  0.334470300797133 -0.204447928621896 0.0471455650621901 0.0463552696285116 0.976641965694108
1728815992.58463 0.0719656437903347 0.0506250948588917  0.344865538342342 -0.210848858119484 0.0561814055966137 0.0448974991137399 0.974869541666079
1728815993.52 0.0707851347308312 0.0547266036416923  0.355002098328514 -0.216073297921302 0.0606807704213343 0.043464947409179 0.973519888021402
1728815994.64145 0.0748359256991899 0.0593068860943921  0.367174327162704 -0.225719711648216 0.0656990434357888 0.0466003349677152 0.970856661019517
1728815997.12187 0.0767685392785124 0.0601523102515711  0.368905228495833 -0.225624367746933 0.091730537768984 0.0342556618891324 0.969281023619026
1728815997.81063 0.0778377931527254 0.0602264065834536  0.368979576382221 -0.224205781754016 0.118200654856815 0.0212558593937416 0.967113520255468
1728815999.00544 0.0787754052706046 0.0608840836062909  0.370169677520195 -0.222329539148119 0.144784434597422 0.00896639392095608 0.964119622920592
1728816000.09433 0.0796333757781872 0.0610930936610292  0.370120317988714 -0.220018448244395 0.17357352058353 -0.00598266986049063 0.95991058075516
1728816000.49844 0.0806547974224017 0.0611945096259556  0.369864814991086 -0.217536358172418 0.201428010271602 -0.019614721843328 0.954840275772924
1728816001.13505 0.0826639397155258 0.0614375555123028  0.370080598965912 -0.216101361460995 0.229639211127718 -0.0331533685556846 0.948402281967286
1728816001.36118 0.0873604674372301 0.0621595656405223  0.373029283872276 -0.219321799067035 0.24431512249619 -0.0397759694427616 0.94372980329571
1728816021.4734 0.0859192515172435 0.0611855896059005   0.37130543557764 -0.215425354279483 0.269749626225341 -0.0516283481881091 0.93710275292959
1728816022.09903 0.0799116813963225 0.0607793312099583  0.368973841972264 -0.205300172756063 0.293731959065994 -0.0655864279949981 0.931274285993359
1728816023.41111 0.0745120740331092 0.0605203404523266  0.366932004347362 -0.196796562319621 0.315282331448476 -0.0761122750115818 0.92524325781286
1728816024.12335 0.0774335331093025 0.0609474078637842  0.369696757690285 -0.200249838729053 0.320345219611747 -0.0770711286822548 0.922680325727461
1728816025.00381  0.078604091108348 0.0617926258729937  0.371792373133992 -0.200246636883096 0.323699250929881 -0.0804185401801964 0.921223608989549
1728816025.64355 0.0807248622524465 0.0627215742916185  0.373535949713333 -0.201166005686389 0.337339435208426 -0.0853201509537798 0.915671783692535
1728816026.44555 0.0829975470131684 0.0639677492224098  0.375355664999072 -0.201643313241888 0.340599858724504 -0.0864455737849943 0.914253177864132
1728816027.19949 0.0829973541095535  0.065980523323416  0.376104235014301 -0.201236893017687 0.341159051866021 -0.0881842150583974 0.913968138631211
1728816028.44441  0.090339344594155 0.0680475515437099  0.381826745910026 -0.205755664002039 0.350332218004072 -0.0873868520145564 0.909557849646966
1728816029.11742 0.0929611813743323 0.0698171518794018  0.383841878148286 -0.206074182475539 0.353696427853365 -0.0873852490226728 0.908182848601565
1728816029.71685 0.100219524956376 0.071350057608257 0.388677037061739 -0.212364337273664 0.360361717426571 -0.088709864591064 0.903975320897603
1728816030.31984 0.104277935016787 0.072746359098496 0.391252206386231 -0.21332344930668 0.366844293163454 -0.0884752948465071 0.901160636485599
1728816031.03799  0.109585852998886 0.0740916635489857  0.394503035527625 -0.215753607616887 0.372978017638357 -0.088233514923876 0.89808275008656
1728816031.63121  0.111931343867041 0.0755462953146515  0.397449827267275 -0.218121757385978 0.385476880392305 -0.0928066819999373 0.891749624846589
1728816032.3334  0.116513651686583 0.0767792192045212     0.400910451795 -0.222581051676224 0.398192302753049 -0.098301725199582 0.884441821877345
1728816032.55057  0.117952550837638 0.0768860336758497  0.401770330235004 -0.225974185292974 0.402931883025368 -0.102179650527864 0.880988583490621
1728816032.96432  0.117512819575305 0.0767597482698551  0.401553009354414 -0.221148366807612 0.425865052185689 -0.1125469693845 0.870095130929699
1728816033.33194  0.118011504237039 0.0768160407153412  0.401770199358648 -0.218403396348466 0.444912270340565 -0.123023519848609 0.859778018867613
1728816033.77653  0.118755459395571 0.0769305447260851  0.401962089770663 -0.213187495140391 0.467502415284077 -0.133002707614454 0.847527500076867
1728816034.27096  0.118660176543619 0.0769100544891845  0.401590556157741 -0.207828456097702 0.489327542106763 -0.144809008574068 0.834503589211931
1728816034.76718  0.117020376009734 0.0770705202717257   0.40063254015501 -0.200177445927731 0.511381589691053 -0.155748700910671 0.821072592425019
1728816035.4519  0.119193282608374 0.0767778517703048  0.401438707240281 -0.197303731378326 0.533061670797257 -0.168511893016324 0.805307540398748
1728816036.21914  0.119117331063118 0.0766964315363118  0.401213170910799 -0.191747754122921 0.553920977185878 -0.178958893410632 0.790175970459429
1728816037.13296 0.117436240937402  0.07669247093897 0.400226584931926 -0.183891162720049 0.575778581283361 -0.19057927903036 0.773526084895045
1728816038.12731   0.11856128885108 0.0764369962909409  0.400338290549663 -0.179278595375626 0.597844780960739 -0.203957618512063 0.754216211022434
1728816038.56413  0.118202827812024 0.0763190571398777  0.399498326865505 -0.172920960738951 0.617200246516178 -0.21456186135012 0.736970423213482
1728816039.12386  0.116017695236718 0.0772164164303449  0.398905755518914 -0.162906843555761 0.638720498898484 -0.225974988016688 0.717239701494855
1728816039.43368  0.121258752965508 0.0771695926132786  0.400126460211812 -0.164090742747816 0.643858324768534 -0.229537297154831 0.7112195968796
1728816040.49211  0.125301441927071 0.0777204382928051  0.399701216230799 -0.162147679499723 0.656871434768902 -0.238065194068058 0.696816339928131
1728816040.8919  0.122952786272869 0.0789324427744145  0.396972196181135 -0.153605995956551 0.662792189512496 -0.240503356030091 0.692293180138076
1728816041.7087  0.133138399820346 0.0784516426983598  0.398163165201917 -0.15764958965796 0.667922216774044 -0.245103482080501 0.684799826440061
1728816042.49875  0.140554958042053 0.0790227730523291  0.398576989401881 -0.156499745284475 0.673233834055041 -0.250169018109802 0.677996679038637
1728816043.06435  0.144884878735908 0.0794546684724509  0.397919423064015 -0.155023532161286 0.678771291528225 -0.254005936501064 0.671355511257308
1728816043.76278  0.147755231066188 0.0802631844566994  0.396519820707973 -0.149368674821417 0.685974965966705 -0.257366920498282 0.663995190707209
1728816044.44183  0.150718030520166 0.0814733440961804  0.394516862659599 -0.142487413833271 0.693480395157895 -0.261082441953202 0.656215084354596
1728816045.09957  0.158890153043129 0.0822250557192909  0.395016096738422 -0.142226851315477 0.698348822939517 -0.264900712632797 0.649544499407479
1728816045.51147  0.161632986031075 0.0829370291240756  0.394119789985635 -0.140852256353686 0.698634999355702 -0.265706080416466 0.649207253798856
1728816046.04024  0.163139532486988 0.0843394821189061  0.390119710562495 -0.132327610222402 0.704026243790504 -0.267297050054075 0.644506585427527
1728816046.50435  0.173180932145036 0.0848081149265557  0.392235400526195 -0.13567940377515 0.702893061240994 -0.268885537515341 0.644385763006578
1728816046.96863  0.180455679799025 0.0854141365668128  0.392575916279337 -0.137946836861779 0.699787978311591 -0.267488240756706 0.64785607712461
1728816047.49273  0.186202323440558 0.0858577523629628  0.391862384499995 -0.137777216280049 0.699672884481079 -0.268638058787437 0.647540644876416
1728816048.12873  0.189386265542632 0.0860721554208472   0.38948787033852 -0.134381940902799 0.702871323674074 -0.271146539025432 0.643733602269123
1728816048.59253  0.195386038394137 0.0857317051345382  0.390050280179839 -0.133948099730178 0.709829112965328 -0.276389278150631 0.633884456260684
1728816049.00054  0.198903597128496 0.0852343889316653  0.389233329782978 -0.131208410102341 0.719815058793294 -0.283901733671197 0.61971803255296
1728816049.30294  0.201115398187024 0.0849354034017401  0.388436902784422 -0.12699116373729 0.73020257370634 -0.290736824285544 0.605102920741292
1728816049.64086  0.203766883155129 0.0845991594163118  0.387279748840169 -0.122408466348342 0.739583939645696 -0.296364476095612 0.591776867487208
1728816050.04476  0.205493604874058 0.0843606604971187  0.384799980892199 -0.117440909448222 0.746393639662261 -0.301515817079856 0.581543102022855
1728816050.50872  0.209981300784992 0.0837512561509944  0.384224944834464 -0.115133249958924 0.752290607381566 -0.305387548993875 0.572312521022285
1728816050.9168  0.211529261827125 0.0833191152124672  0.381840783581865 -0.111591396672083 0.756784997998411 -0.309834375777104 0.56464722312266
1728816051.25284  0.212236131336517 0.0826168357791429   0.37979670460339 -0.106573794976148 0.763266120760793 -0.313523834957721 0.55476991630455
1728816051.54909  0.212873085607193 0.0821713307778277  0.378549447578751 -0.101986127604956 0.770590467262856 -0.319576235246369 0.541904227152286
1728816051.84916 0.213180789053726 0.081506945604033 0.377313526121252 -0.0977242543257503 0.778511370225277 -0.325774647776583 0.527485445687822
1728816052.12117  0.213001574172503 0.0810298291880467  0.376259610439229 -0.0923309767032819 0.787772190036039 -0.332261000471156 0.510384751841928
1728816052.31135   0.21199523087914 0.0806965812087951  0.375006796272483 -0.0867375663803347 0.796531220387798 -0.337548323327048 0.494040219967
1728816052.53903  0.209452186965365 0.0807860099458508  0.372888574991062 -0.0781477008941767 0.808171269748959 -0.340905022271676 0.473852193608152
1728816052.76302  0.211639466449407 0.0800185269246114  0.373721540255619 -0.0751576293451738 0.816665317007212 -0.349193459231145 0.453291317784612
1728816053.06217  0.211392019057945 0.0795609367030685  0.373238499603023 -0.0687017920650984 0.82693938959795 -0.356297034972197 0.429538976774443
1728816053.35202  0.208941536511714 0.0794786987203379  0.371539308595895 -0.0616912081358689 0.836332061223165 -0.361511975692849 0.407494747990206
1728816053.60149  0.211542967824589 0.0788385133479333  0.373131941975178 -0.0581887367555056 0.84478609314939 -0.370355301798529 0.381821264685336
1728816053.89609  0.210812554293218 0.0783603591115204  0.372292287895229 -0.0529206467219733 0.852153430965287 -0.375902056550025 0.360182702424866
1728816054.21776  0.213110892375651 0.0774948967383424  0.373301959832138 -0.0501427251034509 0.8580429318728 -0.381857013490293 0.339754698908791
1728816054.66988  0.213445494746578 0.0773320749524576  0.373295736493049 -0.043150608680518 0.86483023369981 -0.388629979999911 0.314918133003644
1728816055.29027 0.212894671707293 0.076878015814733 0.372362386213898 -0.0360741549188859 0.870726293751612 -0.393769646238618 0.292369359573782
1728816056.02549  0.210572068087096 0.0769482535540765  0.370962538795631 -0.0303548619527367 0.875210882254144 -0.395554730840791 0.276804893109249
1728816056.32225  0.205495454583433 0.0768549814308952  0.367187343237316 -0.0206979001856679 0.88133998173583 -0.396958983527385 0.255411430673524
1728816056.58425  0.199742736484166 0.0767518099154565  0.362408097877361 -0.0108337186927005 0.888326386891185 -0.395927200578296 0.232380103998545
1728816057.05006  0.204301805875404 0.0752138058918585  0.363289078176409 -0.0088360466987143 0.890662563303108 -0.403186549853706 0.209958873654199
1728816057.36252  0.205826035156821 0.0743151923894498  0.363245662520697 -0.00625766513296603 0.893088321359263 -0.407585633149699 0.190336658394372
1728816057.68056   0.2054849368136 0.073552626030591 0.361952728755782 0.000488137866833628 0.896457517580347 -0.411984321318218 0.163194975054599
1728816058.15246  0.203431845735069 0.0730228696969533  0.359551948638259 0.00723005723730489 0.899558901238181 -0.413576461105694 0.140342510647317
1728816058.82749  0.204663765781793 0.0718334093796064  0.358928987671933 0.0108926085641633 0.900682216003905 -0.418587869564003 0.115918472672959
1728816059.12577  0.203511428459489 0.0708626079073161  0.356762924923309 0.0180434419469008 0.902907978859166 -0.420794396048912 0.0858119581934629
1728816059.51082  0.195481784598377 0.0707556286161064  0.350316144923881 0.0296304983684305 0.906181228869345 -0.416354024474987 0.0678744452261925
1728816060.26558  0.196719066899517 0.0692859017521351  0.348838860614805 0.0290728957717403 0.90616979739079 -0.418412682156818 0.0542392149511561
1728816060.5361   0.19455812981046 0.0685922516616948  0.346199122219094 0.0375539409796297 0.906753991373484 -0.418969594367412 0.0291784105249035
1728816060.91848   0.19757328985035 0.0674552416477751  0.346831430511091 0.0405440887083141 0.904725391589133 -0.423903964915157 0.011557301324804
1728816061.46489  0.198507775699019 0.0659671743893495  0.345529100139014 0.0395448364717293 0.904255240343756 -0.425086231782661 0.00776928362834246
1728816061.69444  0.198920124965543 0.0649090042334344  0.343961049654531 0.039929646503623 0.903702732069249 -0.426258874509829 0.00551065171136211
1728816062.20379  0.198163543810378 0.0638227009874941  0.342039617805559 0.0461010874766441 0.902644709755496 -0.427349647632951 -0.0218974051403513
1728816062.74841  0.196106653290584 0.0630788210918785  0.338995686953834 0.0492367245637003 0.903001411275006 -0.425572785843438 -0.0324345516238686
1728816064.8264 0.186233396262804 0.063486105726641 0.332434417851112 0.0566148936898314 0.906396239818547 -0.4168314263874 -0.0386286452148278
1728816066.49864    0.1917145654606 0.0594337891718297  0.330110720090594 0.0501364778188943 0.904771587864686 -0.42221573635582 -0.0246694012542601
1728816067.96338  0.193033836423864 0.0562688217313304  0.326897847070865 0.045177004772938 0.904983179633827 -0.423013979789014 -0.00486371490262652
1728816069.09644  0.192736150974629 0.0534543111562907  0.323698736280568 0.0423383732570192 0.905042210263955 -0.42318545633174 -0.00448657327837515
1728816070.49543  0.191978854108904 0.0505503314662396  0.319270642190606 0.041989759438324 0.904891065369579 -0.423485639738181 0.00830258105430982
1728816070.75649  0.191437640333135 0.0495179889554144  0.317902562612119 0.0381529769641002 0.905975533411975 -0.421561584850602 0.00620591539685752
1728816070.95681  0.189230216355684 0.0494320125269211  0.316537135232667 0.0456891506278535 0.905354690648624 -0.421621762555398 -0.0219197393944212
1728816072.48344 0.189344571936558 0.046749471114207 0.313411972610989 0.0485777619055437 0.904051707192021 -0.423462680840935 -0.0317815938311664
1728816073.16348  0.187821232680903 0.0449591104029232  0.310314862866797 0.052478503292386 0.903089701345609 -0.423703432116694 -0.046372401579209
1728816073.79864  0.184178340773921 0.0438730868596498  0.306723998473568 0.0529250344462631 0.906627197700774 -0.418267431537659 -0.0166859471709961
1728816075.80169  0.182385910123407 0.0417937423397702  0.302677868530909 0.0476662012292095 0.908093997245145 -0.416043469104634 -0.00102822327003214
1728816077.05318  0.182006001716108 0.0419705976961176  0.302479529566396 0.0470429723367926 0.908511176892251 -0.414898083298481 0.0159367716562795
1728816077.50483  0.182198686901834 0.0421850911305473  0.302480922012982 0.0387477853021659 0.9092987722246 -0.412159852700096 0.0424099963127554
1728816079.31463  0.181701066048549 0.0413486391474996  0.301530361608598 0.0418709682874634 0.909338136564855 -0.413670498948407 0.0150895229613882
1728816079.78146  0.181424774787157 0.0392811955469537  0.299193034419474 0.0468687105690306 0.908943045295064 -0.414216030375422 0.0071375457517862
1728816081.05908  0.180243148335959 0.0378449911393069  0.296420876597635 0.0467308998024507 0.909238136572018 -0.413598717743872 0.00619150121717581
1728816082.2563  0.179358571467601 0.0374595163302264  0.295487336941059 0.0508091738061834 0.908183401462494 -0.414962868189779 -0.0206677330362819
1728816082.98186   0.17774565946381 0.0376565732223693  0.294681211135997 0.0579302326540099 0.906710173521852 -0.414803887340612 -0.049583106233302
1728816083.50875  0.174158972169659 0.0381159971401045  0.292667279533555 0.0654746932804701 0.904745439057331 -0.413360481095728 -0.079258234355141
1728816103.57773  0.175709267455461 0.0318021197467787  0.285894463549787 0.0660485710728218 0.903750944873638 -0.415812825329268 -0.077275547173318
1728816104.99038  0.174701697630057 0.0265307093111214  0.278759444434896 0.0651872152787302 0.903296952922858 -0.417296499730587 -0.0752919193345812
1728816105.80473  0.172126835961087 0.0232226621049391  0.272920278313155 0.0644879849037965 0.904810401205382 -0.415186789661815 -0.0691329687191253
1728816106.86226  0.172206255960604 0.0190339918744525  0.268207633285715 0.0667829492646037 0.902669939919697 -0.416818633456557 -0.0836016988840549
1728816107.76943  0.170331466951788 0.0157350371022388  0.263064581172321 0.0681843968802459 0.901087914636477 -0.417113818277516 -0.0969923745462152
1728816108.16123  0.170635760568623 0.0142929087109769  0.262444656296294 0.0725909717070818 0.896572088249853 -0.418261888611487 -0.126277606617604
1728816108.46057    0.1701290271112 0.0140089639254092  0.262077930093091 0.0789171680888066 0.89157307337852 -0.417988988332576 -0.155417955976564
1728816108.7997  0.168101082850823 0.0133345092668908  0.260431086064946 0.0846342327552499 0.88763102310447 -0.415838462655526 -0.178959734143552
1728816109.23688  0.170456910595296 0.0138638720857565  0.262691921565468 0.089989603275832 0.879797996717802 -0.418297586137049 -0.207085696525664
1728816109.90135  0.166857975463097 0.0145207947944915  0.260689840740847 0.095865998901164 0.876251382322394 -0.414340185444535 -0.226529106206167
1728816110.33106  0.164693393700788 0.0148367459276518  0.259569151839894 0.102437016224712 0.868734433008853 -0.411105370273162 -0.256514165582197
1728816110.58374  0.162516685081645 0.0152227464570848  0.258547804706117 0.108497692116609 0.8606051410829 -0.40752882012564 -0.285494838331721
1728816110.81384  0.158535418515287 0.0161102688614805  0.256752492512545 0.116745702130375 0.851513838624052 -0.401712300044606 -0.316104178489766
1728816111.08219  0.161544062979942 0.0159401062363449  0.258774224973814 0.12280662838523 0.838322303951472 -0.402659290173356 -0.346409790218517
1728816111.44729   0.16214034428659 0.0158565629344257  0.259348381923142 0.127632009025847 0.827972677604126 -0.400847523649963 -0.370799916662305
1728816112.16451  0.160961419982853 0.0157723707396227  0.258677471955363 0.132840980887234 0.817309075773617 -0.3971614080889 -0.395754929697453
1728816112.75748  0.156370841965382 0.0156112702495085  0.256260875988605 0.135514998555827 0.809058364560743 -0.390831943940326 -0.417505256848984
1728816113.19477  0.157128463774095 0.0140952193755032  0.257327314633068 0.137240696051718 0.800783239950855 -0.391253468860284 -0.432240577764105
1728816114.19316  0.151961228672281 0.0128997173441962  0.254978444013008 0.140989090022036 0.789977077558785 -0.384927894132168 -0.455948253363706
1728816114.79131  0.139814556378511 0.0120824654325094  0.248049491172285 0.143066426473018 0.786014579224682 -0.373544396411241 -0.471357255987694
1728816115.72325  0.140672718574293 0.0106093037074617  0.248962625808356 0.146490041017356 0.770264549206521 -0.370330421068475 -0.49808490375603
1728816115.93219   0.139690980595956 0.00928769867698721   0.248659300278152 -0.148623288495486 -0.76532783214256 0.370572891218016 0.504836765458973
1728816116.67457   0.136429350898496 0.00860712411150136     0.2471588789585 -0.151687450427055 -0.751134554522124 0.364219090810198 0.529275214113775
1728816117.13849   0.131662037775195 0.00836933273540474   0.244619112386271 -0.156392597457639 -0.733762649871557 0.355322601666846 0.557565761017144
1728816117.46505   0.134159016967892 0.00749051326405361   0.246198675407396 -0.16003098428207 -0.713986376651389 0.352095030060524 0.583645978168797
1728816117.82899   0.134461117551702 0.00678527514270841   0.246461151812878 -0.166584478213839 -0.69449257294925 0.346536523624106 0.608146458948067
1728816118.37355   0.132492574754887 0.00688156698577322   0.245684591675034 -0.167920848124185 -0.677153100643726 0.339606156800078 0.630820041943282
1728816119.11465   0.127700868334136 0.00733363132663575   0.243676336305266 -0.169418304223853 -0.660717482821659 0.329199341862316 0.652975986851846
1728816119.79828   0.125505627875308 0.00773303838101492   0.242459813901647 -0.172000102897145 -0.641944954816455 0.319759119311468 0.675334543175621
1728816128.53127   0.120776876311749 0.00840180477746542   0.240525103431171 -0.173605421415849 -0.623827930944865 0.309632760523288 0.696295500372365
1728816129.67165   0.120078199655352 0.00841284854450328   0.242314924544957 -0.175525750873999 -0.60730147270288 0.306885690044307 0.711475091116381
1728816130.51212   0.117566804285486 0.00899533781082961   0.243417897460786 -0.176604496375348 -0.592215639410609 0.299895659961047 0.726742101046872
1728816130.9306  0.115074291772897 0.0093343765528232  0.242986113319207 -0.175813177128527 -0.593928871476904 0.296511831499435 0.726924312535353
1728816131.79553   0.113461083440122 0.00993560662673027   0.244409747995086 -0.177244285107386 -0.57914917882993 0.293622984171814 0.739564895883673
1728816132.85917  0.109518856675656 0.0105962580664097  0.244214596497453 -0.177744339015441 -0.565720726809369 0.288531698452676 0.751742288416887
1728816133.56757  0.108499177627682 0.0106824767865617  0.245254216793688 -0.180253618427468 -0.545485194120969 0.280467212866858 0.768955576444641
1728816134.14729  0.104872605002888 0.0113055080143121  0.244000765087115 -0.180718271927046 -0.523575771468937 0.269574623023391 0.787742877050759
1728816134.56389   0.10626411394452 0.0112624873060379  0.245667134607631 -0.183113060520917 -0.49730581712205 0.261671799683604 0.806650110378457
1728816134.85409  0.104376277058734 0.0116086092421358  0.245070774553971 -0.183933826034406 -0.46789700390432 0.248768966674554 0.827861547964018
1728816135.17555  0.103127685954144 0.0117505989489453  0.244635950399073 -0.184445526633619 -0.44268941579859 0.238991256365176 0.844327607167825
1728816135.87452   0.10170355792934 0.0120181193745888  0.243938004031568 -0.18554639985624 -0.410792871243033 0.225716547943158 0.863639849949571
1728816136.29042 0.0988115025011421 0.0124433429642515  0.242176360647409 -0.184620269633301 -0.387047781438927 0.21391888207977 0.877694754919655
1728816136.82498  0.101837292999769 0.0121727025456059  0.243981388827719 -0.187014985890503 -0.360079090427665 0.206598935063556 0.890328772824829
1728816137.52397  0.102944856793802 0.0121047950638429  0.244612282097565 -0.188034359777029 -0.332730375338757 0.197048429524086 0.902831929703566
1728816138.17423  0.102906315971067 0.0121763542181518  0.244583702901893 -0.188444917791547 -0.306458185104368 0.186464251920852 0.914222607736579
1728816138.69716  0.101677645116851 0.0122988365450889  0.243767733896834 -0.188411465280559 -0.281797719722182 0.17665526432851 0.924058484347844
1728816139.39647  0.102041495663964 0.0124451794720685  0.244548047533609 -0.189829275391139 -0.267259864850272 0.169257038114704 0.929456328125925
1728816139.9001 0.0999857059899397 0.0128241984531018  0.243696627172027 -0.18578252298248 -0.241742749012842 0.159915991458306 0.938867494979928
1728816140.8115 0.0915978273431084 0.0140982775534388  0.240088351491597 -0.1823366394551 -0.226921633685487 0.150795753380454 0.944733064330953
1728816141.33052 0.0943211420601103 0.0139771526207899  0.242263252962431 -0.184834714459053 -0.199288883721407 0.142357259767773 0.951763878148003
1728816141.81335 0.0943468082738125 0.0140878319672882  0.242916089532499 -0.18596637127176 -0.171409709810373 0.132878457602953 0.958320685179965
1728816142.27401 0.0917557209249564 0.0143951391726033   0.24186851021843 -0.185287729188166 -0.157597571421727 0.125635842200505 0.961793687881573
1728816142.74103 0.0947445261189053 0.0143337501602274   0.24430108694165 -0.187264283817754 -0.131240555922488 0.116960185732646 0.966451405628221
1728816143.05318 0.0964877669145797 0.0144119879625484   0.24638099684398 -0.189590317851538 -0.109398966341057 0.107634171603818 0.969794959073113
1728816143.41934 0.0972153032956629 0.0144302732118338  0.246821783386668 -0.187536822599302 -0.079241183795933 0.0949994336338464 0.974436187017511
1728816143.8088 0.0971823138323146 0.0147822443039722  0.247422191303587 -0.186165435983438 -0.0534204506084444 0.0840996328757019 0.977453803333978
1728816144.14493 0.0967177146698825 0.0150702313133411   0.24746800274046 -0.1834315083541 -0.0261080053440667 0.0719879427505789 0.980045401957702
1728816144.52436 0.0953255027372094 0.0154314294060068  0.246964509332576 -0.179665172301329 0.00398547669576033 0.0600796329662347 0.981883383880226
1728816144.99058  0.091483420099166 0.0160957956542744  0.245110449694633 -0.174530386767924 0.0258088499320022 0.0506016459796652 0.98301196370338
1728816145.75797 0.0898709583873514 0.0165289037568128  0.244851568898721 -0.171244322688243 0.0421812400365215 0.0433382528726513 0.983370693469137
1728816146.49835 0.0890403822902161  0.017159067943931  0.245269447812473 -0.167697369792238 0.06743954834121 0.0323810083090966 0.982995915446847
1728816146.85245 0.0882575689541997 0.0173382548179635  0.245276744385942 -0.167899923014861 0.071872319351744 0.0324608483488407 0.982644533331905
1728816148.26528 0.0871366488253961 0.0186563418004737  0.246326301112838 -0.169265934273388 0.0625592938265496 0.0353052889505675 0.98294909065658
1728816149.30775 0.0838509745976718 0.0199145371066746  0.245539067061294 -0.168619356471309 0.0533006916851949 0.0367706774119586 0.983551964144115
1728816150.39757 0.0742775555136843 0.0219382389555168  0.241331290173411 -0.161162482769108 0.0459137146088979 0.035179227991685 0.985231448379729
1728816154.71719 0.0850688973655147 0.0217322993854383  0.249020610631216 -0.168282593478501 0.0542380027462748 0.0376413717320789 0.983525462265402
1728816155.28476 0.0886505197629611 0.0217348830330801  0.251595878663841 -0.170307887046446 0.0587350955413508 0.0378434042417667 0.982910621021524
