1728817973.37309  1.68047325025539e-05 -0.000232551763850694 -0.000112394660859236 -0.000195219342657463 -0.000100782815029222 -3.13117764270195e-05 0.999999975375902
1728817974.71134  -0.00630879518382478   -0.0404274962373649 -0.000566074419413862 -0.0139401595264012 -0.0141447392853983 -0.000843786832916203 0.999802423645146
1728817992.31913 -0.00787816075526522  -0.0386225476674284  0.00737679837823414 -0.0149959198153082 -0.0145834424639693 0.000342894335584661 0.999781140059297
1728817993.18746 -0.0104360798887155 -0.0379848571506331  0.0187456675410496 -0.0137329092599147 -0.00463504519427156 -0.00297650618699559 0.999890525992833
1728817995.05203 -0.0154108398801881 -0.0345140515985584  0.0402365952820437 -0.013108452396391 0.00264630441126753 -0.00333546462259595 0.999905015601225
1728817996.92535 -0.0184048991325567 -0.0316792145986798  0.0552018869770658 -0.0141677980602435 -0.00483737467039749 -0.00117825236773317 0.999887236155048
1728817998.93143 -0.0272780795503878  -0.025032538481271   0.103944555827897 -0.0105326596487937 0.0046897552033537 -0.000835859308251487 0.999933183075785
1728818001.28319 -0.0368720245429552 -0.0188349177572231   0.150886263805955 -0.00811209303111977 8.75931388621976e-05 0.00396894013583974 0.999959216062483
1728818002.69203 -0.0442392811640138 -0.0106512194967499   0.197477393053858 -0.00639010245610494 0.00778699460349259 0.00566995397260542 0.999933188231891
1728818004.32027  -0.0538294616862998 -0.00659781346183735    0.242557679439481 -0.0109984329292772 0.00451800967903403 0.00574865671541422 0.999912783700463
1728818006.01956  -0.061819253018105 0.00047140448085303   0.290074119148248 -0.00951266099161869 0.0109749750043244 0.00592937020254932 0.999876943315283
1728818007.09053 -0.0670059205194674 0.00534775347125413   0.322139998159076 -0.00360665334985555 0.0240552830440044 0.00751440531002569 0.999675882034834
1728818009.37258 -0.0712436882045516 0.00781290549738536   0.348247854874399 -0.00170848625362479 0.0325157054408118 0.00815893037597407 0.999436462127297
1728818025.77431 -0.0770106726377834  0.0117013313353967   0.385189588593871 -0.00108550024398251 0.0295658509270797 0.012630456190638 0.999482442929637
1728818026.62492 -0.0807544599678645  0.0140726190196946    0.40970464999263 -0.000297500328819372 0.0421381655141213 0.0125384153080633 0.999033069844148
1728818027.50834 -0.0844776021985245  0.0162553111631752   0.430911017183319 0.00114744035096153 0.0519092749387151 0.0134749285313597 0.998560231962525
1728818028.60708 -0.0887175102270408  0.0196178128659394   0.464935439766819 0.00194190045744678 0.0525150417324309 0.0165577104220906 0.998480967089525
1728818029.29288 -0.0912456513886091  0.0220850803274035   0.487580901115271 0.00454670505191954 0.0680418509676586 0.0178557788561159 0.997512308270684
1728818029.459 -0.0923638979078352  0.0226792562244438   0.496203626899107 0.00463287995826476 0.0714039706000966 0.0189217774020464 0.99725722646957
1728818030.61564 -0.0955207418596487  0.0252971599560792   0.526555023238251 0.00352685872055125 0.069874831621017 0.0218847163202764 0.997309444638464
1728818031.46377 -0.0986687386285349  0.0279419840436836   0.555514266217762 0.00563045736675722 0.0797459385295228 0.0248870376808963 0.996488594311724
1728818032.0965 -0.100276601278221 0.0298691722559341  0.576818349161509 0.00928740469369121 0.0942594880373585 0.0256562320384753 0.995173678704666
1728818032.64006 -0.101435669478509 0.0312843851228163  0.596186844295838 0.0122908399795557 0.110989394184591 0.0263483326914865 0.993396222559515
1728818033.07649 -0.102980207832282 0.0327387389322607  0.613022042466416 0.0154649394723261 0.127605927220695 0.0265787800074617 0.991348138364409
1728818033.47904 -0.104075955063457 0.0337878227057539  0.629480192632516 0.0182158404734853 0.144817648939265 0.0277626437047566 0.988901040208812
1728818033.82628 -0.105260153313501 0.0347502557278337  0.642636428018714 0.0204485265644874 0.164226545981257 0.0275433557541281 0.985825980034108
1728818034.2616 -0.105913700731826 0.0349766631964113  0.648301959182301 0.0241327159052246 0.191538411558109 0.0247626953055146 0.980875862605478
1728818034.59343 -0.106900523427432 0.0352598836553076  0.651538163134626 0.0279176283254059 0.21732473823353 0.02178678784046 0.975456764831741
1728818034.94749 -0.108246619207763 0.0349469057127522  0.654570053430803 0.0317734341191659 0.247856436355667 0.0186412785286474 0.968096141184419
1728818035.41184 -0.106480682279608 0.0345910688864988  0.660296000259205 0.0346056782941958 0.274093116076865 0.017930606311496 0.960913057516847
1728818036.175 -0.101736649651861 0.0342218280945411  0.671605600818855 0.0377117621983497 0.298346153036586 0.0174198364972711 0.953553325858902
1728818036.75619 -0.0969821499414245  0.0339460196693312   0.679693154960698 0.0417986461079547 0.325067163850041 0.0166753663249586 0.944619576511074
1728818037.3335 -0.0942232888300802  0.0343553565139512   0.683342871508603 0.0454982774897988 0.35185958342944 0.0129618406998718 0.93485652962366
1728818037.95905 -0.0928051490840693  0.0342715314086019   0.684464223937481 0.0491815100558492 0.38250192641331 0.010066486494193 0.922589898713614
1728818038.73438 -0.0931852219782382  0.0345118973708814   0.683333099769739 0.0529729503401741 0.409802443142517 0.00689722971435634 0.910608726264442
1728818039.33518 -0.093853999358972 0.0348126789690983  0.681635860807168 0.0569399142767664 0.43653057411622 0.00434764360680132 0.897875270858367
1728818039.89227 -0.0912942417279669  0.0344034363466313   0.682045571478348 0.0593822986921771 0.458495596079273 0.00139528334993049 0.886709413597441
1728818040.17182 -0.095960188507774 0.0355051709105879  0.677479980715879 0.0615708538197782 0.467631372346575 0.00119278616400607 0.881775769012922
1728818040.99125 -0.0919326422247685  0.0350272501395141   0.680904575064989 0.0625059271143957 0.479972475672154 9.84838281082285e-05 0.875053953750081
1728818041.37107 -0.0876714851459002  0.0329850434102436   0.683513915931389 0.0605043627029885 0.483732948212979 -0.0011489404029753 0.873121032184562
1728818041.74513 -0.0805939932160817  0.0305794038253689   0.685746239959491 0.0603931883897291 0.507414531250744 -0.00297129762484641 0.859577993937801
1728818042.00818 -0.0737200607627417  0.0282197750813223   0.687574650901623 0.0610311166995331 0.524538095316616 -0.00209774468211006 0.849194081952573
1728818042.38169 -0.0681261880436153  0.0270971211418314   0.688842987789761 0.0623118216939019 0.549391104276567 -0.00472766449770113 0.833225240020583
1728818042.67942 -0.064382754048262 0.0251232948437684  0.691092631774908 0.0635357309308051 0.56648127510759 -0.00430127676443588 0.821610415504674
1728818043.05849 -0.0607420318805978  0.0222681570609391   0.693851812599018 0.0629779840779997 0.577051674469559 -0.00311860380580592 0.814269864862782
1728818043.6153 -0.0551099064118255  0.0202035900578948   0.696482963332444 0.061588199623722 0.597533673593333 -0.00585985325815396 0.799453603850128
1728818043.85896 -0.0533182666652119  0.0204020968162341   0.694973901930839 0.0634928186516175 0.619000024979591 -0.00782539535480672 0.782781191804249
1728818044.36143 -0.0497316491160409  0.0190388425228646   0.696520735344138 0.0657503112193502 0.641067642718724 -0.00997625596284726 0.764597703600122
1728818044.8886 -0.0455584120858997  0.0172107687716267   0.697118342081684 0.0670669154093736 0.665762280837765 -0.0129926878687309 0.743030150352672
1728818045.55846 -0.0373060192993733  0.0142759332190932   0.701723300636126 0.0659795100462958 0.684865201806564 -0.0131385506510752 0.7255575360337
1728818046.38607 -0.0247803744481519 0.00962692044144324   0.704638014439426 0.0630517957104578 0.692305207685341 -0.0117506782207397 0.718748837933527
1728818046.8247 -0.0163508735256827 0.00733659584769958   0.704619928024851 0.0639369783490291 0.710764138388497 -0.0132822988068946 0.700392734770184
1728818047.57717 0.00245058031183894 0.00312388841067853   0.705157328805831 0.0618888271605872 0.719437523239893 -0.0122647206389916 0.691685622125242
1728818048.11509 0.00954433008629351  0.0014854618320871   0.703564251893832 0.0632129050149759 0.736285971487892 -0.0139101437520787 0.673567817469403
1728818049.32477    0.033689042100926 -0.00175151129567232    0.699601522921657 0.0607893939283781 0.737604350089576 -0.0113002760875884 0.672396293918326
1728818050.09196   0.0515306447167757 -0.00332522112722563    0.694831961207322 0.0591595076166606 0.744182407142345 -0.0110531912609274 0.665259742146877
1728818051.01328   0.0733020127864903 -0.00482645428909259    0.691066781161248 0.0582522814182465 0.748685215299921 -0.0101453264094635 0.660283418278034
1728818051.73022  0.0884962818549825 -0.0061636352416685   0.689743307742258 0.0587597734487989 0.759329925898103 -0.0102814602796151 0.647965773968307
1728818052.65171    0.106539388977637 -0.00500845414898079    0.686100426625154 0.0591974239183571 0.766915554380633 -0.0131466845217026 0.638876640781742
1728818053.68267    0.130343061798525 -0.00585730449695977     0.68367477643298 0.0592085724706141 0.771964353419599 -0.0119755075291797 0.632789040055903
1728818054.47163    0.143183133347357 -0.00488959151286618    0.683072340896262 0.0584761821805909 0.760744822695041 -0.0102183067975932 0.646330748971811
1728818054.92174    0.153603398013199 -0.00567904688036088    0.679118468793437 0.0580896369637984 0.773244681933803 -0.0107867843370252 0.631349270390149
1728818055.26542    0.158004759494879 -0.00562027390114491    0.676745499697588 0.0598289844820456 0.790535199692158 -0.0138630300011585 0.609329473325158
1728818056.58892    0.16105756665392 -0.0059726966380597   0.674076128362853 0.0605017230054287 0.805434160127801 -0.0174876269803888 0.589329736323557
1728818056.90592    0.160252982957597 -0.00616694350969656    0.672970423974858 0.0627672427755396 0.822361365732229 -0.0208141847587232 0.565109570878259
1728818057.33949    0.163652803606605 -0.00635971669976156     0.67168277243003 0.0651858631383322 0.833734338137283 -0.0223531224657648 0.547848696789294
1728818057.95697    0.160736701968593 -0.00526439842774355    0.673802200572582 0.06362510560363 0.818907403087345 -0.0204962872099802 0.570019660464684
1728818060.99255  0.165160474585161 -0.004736437007725  0.674274563157837 0.0628143093406815 0.804282553603656 -0.0185308972810444 0.590627244848047
1728818061.96707    0.180967376358853 -0.00457626279331809    0.670791597377421 0.0614926577278084 0.799779626732698 -0.0174052342831375 0.596882115269361
1728818062.66355    0.195269547143396 -0.00552886098599678    0.666240733941834 0.0611820097725433 0.812197351368303 -0.0183625534312836 0.579875021657244
1728818063.51519    0.209875551524073 -0.00571320968398613    0.661093903758851 0.0613506362931396 0.818428503641041 -0.0187326423932912 0.5710166126859
1728818064.50576    0.225548040314694 -0.00599522344425111    0.655894538685981 0.0605484738152174 0.820878331780357 -0.0183177527798093 0.567588853542107
1728818065.05768    0.236284016901467 -0.00635122429246786    0.651143739962876 0.0604412949762805 0.82883263060792 -0.019538610438609 0.555879090273481
1728818065.67561    0.247320553525173 -0.00629347978923165    0.647113015611611 0.0606916280015501 0.833486654603591 -0.020325259738401 0.548820013032327
1728818066.18922    0.258218838447483 -0.00666315259658431    0.641527729690929 0.0605206903616354 0.837071465056178 -0.0194056978724249 0.5433893882999
1728818066.41942    0.262836434699353 -0.00732350827747516    0.637644805167014 0.0609547876500502 0.847376234408692 -0.0204009089025646 0.527088070570595
1728818066.73501    0.263489582397702 -0.00705027716422043    0.636248112932442 0.0635838576343375 0.861652856194231 -0.0245085765935376 0.502902354472535
1728818067.12389    0.264376615201057 -0.00729702931768043    0.633368174891152 0.0645144186219734 0.873609988149177 -0.0272855358085104 0.481558903906371
1728818067.41851   0.264569720708959 -0.0074242004925252   0.632528970679204 0.0656686879118225 0.886743145042408 -0.030997312194345 0.456523148137051
1728818067.75369    0.264620781331276 -0.00758720189985852    0.629423612662208 0.0671503408320346 0.900267109901712 -0.0344064268402466 0.428749531017176
1728818067.96406   0.263994854789953 -0.0076806261532962   0.627940311977193 0.0682000074876369 0.910227844532798 -0.0376272761373233 0.406716385342844
1728818068.33434    0.263532134540806 -0.00778570152926699    0.626379677951182 0.0694807983453654 0.920425889787495 -0.0408601762618954 0.382516726517986
1728818068.73697    0.262117029042923 -0.00797410378477427    0.625337916139245 0.0701282380891761 0.930247683040313 -0.0434728393409639 0.357535160033627
1728818069.30044    0.264603055881543 -0.00810010217268551    0.622645601076019 0.0714880893452012 0.939516522875572 -0.0459700861919335 0.331790457218216
1728818069.6258    0.266492008158332 -0.00813005968091112    0.620736530808187 0.0720640815234156 0.943676937908912 -0.0477859956014536 0.319369853989733
1728818069.91375    0.266868161474476 -0.00826247290824616    0.617763845753773 0.0730835701807172 0.951343607504908 -0.0519842685911108 0.294791058290843
1728818070.12291    0.265892923742801 -0.00862404503382867    0.614734160687773 0.0734943246873122 0.956335617541546 -0.0542132310416711 0.27763590625171
1728818070.37367    0.265913730280217 -0.00836983220987047    0.611117541446265 0.0744473853778865 0.961660126703094 -0.0580456290284102 0.257484159649641
1728818070.62294    0.265412377828236 -0.00845289334759591    0.608271852543919 0.0746062219638649 0.966509228549724 -0.0608541192414887 0.237887786453694
1728818070.83651    0.264683625843023 -0.00866642019366126    0.606111410480316 0.0752709342675977 0.972080909197436 -0.0628976999692357 0.2131592638544
1728818071.1737    0.264517832124401 -0.00830857886535294    0.602704503732222 0.0774059958491323 0.976440161007969 -0.0671784878558627 0.18989464064774
1728818071.69483    0.265391467968144 -0.00882918489976729    0.597416165287583 0.0769816402981066 0.980668202676776 -0.0691839343895689 0.166064103701238
1728818072.06012   0.265067011830042 -0.0085884509691336   0.594804781207942 0.0786407151073499 0.984416037885389 -0.0724972817807623 0.139588131357352
1728818072.81176    0.266359843568657 -0.00922197609868271    0.588895848991958 0.078223014827955 0.987257678535588 -0.0748900289055851 0.116597254231251
1728818073.21728    0.266512776809038 -0.00902484108144543     0.58581175465488 0.0806520834943204 0.98951869859545 -0.0785942086621712 0.0903932349391154
1728818073.95229    0.267774049529708 -0.00941391830095992    0.580020828459498 0.0806333624162218 0.991331331165461 -0.0812340063117897 0.0645096034223243
1728818074.10919     0.26764784552973 -0.00959392051708993    0.577469867936077 0.0802398730796839 0.991819871229264 -0.0820671521736378 0.0558559606222196
1728818074.82231     0.26964467346013 -0.00986990993170886    0.572060036983835 0.0813034300653136 0.992681190798343 -0.0849316649557998 0.027575677373981
1728818075.68447   0.271119363184294 -0.0105152278392502   0.563115677048398 0.0818412597142186 0.99282131683841 -0.0871639781176341 0.00320654928924898
1728818076.21509  0.269746572699673 -0.010605029418595  0.558835287747983 0.0814645309652239 0.99225909938978 -0.0903731212079703 -0.0248617947044879
1728818077.24173   0.270301197575565 -0.0115358417993864   0.544663053863155 0.0825163767275044 0.99123896084988 -0.0925591417140741 -0.0454881891282677
1728818078.11677   0.268973089513163 -0.0118733140121696   0.542419841734531 0.0813303748181017 0.989502921106601 -0.0945524094109554 -0.073001240592437
1728818080.65961   0.270453686280397 -0.0112563947306385   0.540537416703735 0.0852100828998362 0.990944112994966 -0.0933991923646151 -0.0452282827273088
1728818083.77431   0.267088628574509 -0.0117723449382504    0.52711651232867 0.0852498090425122 0.990577248211625 -0.0948340038054027 -0.0499569525285214
1728818086.4272    0.26299590007189 -0.0128947123105448   0.509600415476744 0.0870879421215309 0.990910812489501 -0.0941858810176242 -0.0405027387391059
1728818086.89068   0.262925968681242 -0.0142987465763396   0.510241586412989 0.0809315813141999 0.991878342172096 -0.091421085675992 -0.0356317073649206
1728818087.23429  0.261793915723652 -0.014482290487194  0.509943616205672 0.0809320101866101 0.990018648785027 -0.0947988505138988 -0.0657743318192395
1728818087.6691   0.260858492969053 -0.0142793746088289   0.510047328487458 0.081616559923606 0.987339850459109 -0.0969278977905286 -0.0954135182850383
1728818088.23751   0.261936060505753 -0.0124057441638426   0.509557057291537 0.0893881092062784 0.988872832637529 -0.0968686163131692 -0.0689692538565448
1728818091.98348   0.256589165701023 -0.0144353699804295   0.497449860791089 0.0838991113814204 0.99023981732979 -0.0952315829517393 -0.0575933059702042
1728818093.28415   0.255811731296933 -0.0158678376927431   0.481289245732414 0.0838261135646068 0.988955394553343 -0.0964003047883492 -0.0751491284394448
1728818093.92061  0.257403132093571 -0.015846136788629  0.470686304257788 0.0884097556355758 0.990207221479635 -0.0955108727321753 -0.0505078887697517
1728818094.29414  0.258652972462822 -0.017042821761711  0.464083501808883 0.0857131362377679 0.991735245523356 -0.0924014766510877 -0.0240089186702207
1728818094.83359   0.257588296178229 -0.0178033478613209   0.458267683577856 0.0838252396431441 0.990744504278986 -0.0931974172254795 -0.0520854860998279
1728818095.69127   0.256809582547519 -0.0180532767911332   0.455058390377857 0.0846639775179143 0.988472936004197 -0.0960223241631376 -0.0808268455427861
1728818098.66717   0.254294618208916 -0.0185917510977844   0.443082561094417 0.0825387852660392 0.987250874617392 -0.0972503918404462 -0.0952125032801955
1728818100.51735   0.250488021760914 -0.0197408557568739   0.429244901481924 0.0855119506402021 0.985963962579683 -0.0986129621275821 -0.104106937772186
1728818102.22147   0.246329805597894 -0.0202565872990592   0.420895740881123 0.0818241520515364 0.983874857657136 -0.101301922205255 -0.122609107201372
1728818106.15402   0.242148054008034 -0.0216674386747735   0.402401444620976 0.085392028040034 0.985004457546439 -0.0994957450290461 -0.112138382732989
1728818107.81438   0.238354505809409 -0.0231940343900467   0.379643491075359 0.0862198552096738 0.984808140804735 -0.0990143745308605 -0.113645131917768
1728818109.27734    0.23505330712138 -0.0248027096502368   0.359003712754114 0.086789131080444 0.984758285178388 -0.0983608325559789 -0.114209951920648
1728818111.63395   0.230986661563081 -0.0263437118483292   0.336886015465132 0.087425618158353 0.984041129895735 -0.099833877869933 -0.118545403928647
1728818114.05726   0.226321943155446 -0.0280313368984498   0.314172428852568 0.0872262973597211 0.983398661909806 -0.100076315937633 -0.12370681384333
1728818116.42399   0.223053563918104 -0.0293315138659761   0.294646183316743 0.0872906882839285 0.984179766124623 -0.0994735908178937 -0.117794432888807
1728818118.73809  0.221027842662408 -0.030436814826727  0.279823752393775 0.0877165831713462 0.98558862361679 -0.0996171523640551 -0.104867959781728
1728818120.26899   0.217856668022171 -0.0312334520683396   0.265656450617217 0.0877542323306017 0.983798250693507 -0.0989319471253812 -0.121048198988842
1728818120.75799    0.21600737692185 -0.0313982161141977   0.263286963492531 0.0869920407647018 0.980256737325302 -0.100863331159183 -0.146135903184056
1728818121.38274   0.213562698928256 -0.0318011496665278   0.259581786417193 0.0871716098295712 0.975915506213422 -0.101389558171907 -0.172366448781734
1728818121.97321  0.210877821589059 -0.032056543840416  0.254873815501168 0.0861421197441807 0.971097362896564 -0.104421351453824 -0.196584913820655
1728818122.3501   0.208340474881778 -0.0323003142592308   0.252426678133698 0.085529768332669 0.965793454520782 -0.105063558488981 -0.221109273010897
1728818122.84515   0.206142107980416 -0.0324718990929122   0.250769292467912 0.0841055837254376 0.959669497969754 -0.106049264144869 -0.246402635998515
1728818123.18976   0.205354296632701 -0.0323374080894951   0.251118517759358 0.0841808915065843 0.952364096033626 -0.108576955187435 -0.272263201504421
1728818123.80906   0.204617087239341 -0.0321753839167289    0.25134025804858 0.0853357086431072 0.946298911800359 -0.110788923021142 -0.291482419524148
1728818124.14265   0.203258941246034 -0.0323529619081824   0.251293989717616 0.0827004336665696 0.937893740838592 -0.111234909941775 -0.318029501740638
1728818124.39343   0.201578235220325 -0.0323361597505698   0.251315072120465 0.0807833283755409 0.925398060460816 -0.11244371106039 -0.352801495737897
1728818124.62623   0.199538075260474 -0.0322146670277884   0.251211673034145 0.0801388466634879 0.912722138884736 -0.11562332561204 -0.383597848038191
1728818124.86296   0.198050886886626 -0.0321955107612724   0.251813176971823 0.0792152227147927 0.900315698886912 -0.116487899929447 -0.411809616203949
1728818125.05636  0.19626330575952 -0.03201125677922  0.25218119437623 0.0776579009679898 0.8899309331009 -0.117597888354121 -0.433777502162178
1728818125.28737  0.194199339976975 -0.031939243158729  0.252565959653516 0.0766429315434234 0.87746209366092 -0.118234934889279 -0.458482971771421
1728818125.42943   0.193030324282947 -0.0318323727774452   0.253363918942752 0.0746056353893273 0.865980508109385 -0.118593772057691 -0.480049243278119
1728818125.62136   0.191197153298636 -0.0317817174339893   0.253628860174845 -0.0736936206761259 -0.852039098905973 0.119872359266356 0.504211504917389
1728818125.86241   0.188923658944905 -0.0314210930629311   0.253909316742097 -0.0760038346321552 -0.838178181635978 0.122439359301206 0.52601269589671
1728818126.64154   0.187632690386585 -0.0314005087565422   0.254740183026041 -0.074358850737368 -0.823399624840669 0.123090126000651 0.548937737826804
1728818127.02501   0.186984670152269 -0.0311200069957021   0.257540936002017 -0.073799550111971 -0.811313795406054 0.123735739843956 0.566580107727375
1728818127.45106  0.187941354884049 -0.031024460360452  0.258564192219801 -0.0719832937347776 -0.795247013303244 0.124161615874806 0.58905389091213
1728818127.87224   0.188678161245238 -0.0308621996985916   0.260014281170085 -0.0715202128908135 -0.776615067669906 0.124974557125508 0.613298667769141
1728818128.33592   0.188718631377383 -0.0308452968649204   0.260895177927867 -0.0702706920714953 -0.762049998939596 0.125630711398707 0.631315098271386
1728818129.3749    0.18918229979684 -0.0307181061690708   0.262215468043664 -0.0690986227908315 -0.742770212729222 0.125757617191649 0.653989918216539
1728818130.0141   0.189774295995345 -0.0311344166691217   0.264168572917498 -0.0669996450080569 -0.723022174125258 0.125682241674669 0.675983696119669
1728818130.55449  0.191104506548539 -0.031147207477081  0.265201889106392 -0.0657614679383852 -0.702182408708103 0.125812111050103 0.697700943777914
1728818131.14014     0.1904667281749 -0.0310719952415072     0.2672635822133 -0.0645240566026003 -0.689028458277296 0.125641636911651 0.710837962462415
1728818132.24191   0.192729949570634 -0.0310055568500102   0.268659522994222 -0.0630049053425341 -0.667330609563753 0.12563975749438 0.731378760136498
1728818133.95158   0.191214215466608 -0.0306313630047813    0.26626674824583 -0.0644820529808173 -0.685235402532363 0.126088283888043 0.714420221316458
1728818135.27045   0.191796135376592 -0.0315244459005853   0.270057512546741 -0.0623937600368799 -0.664122240148197 0.124858474849484 0.734478747212785
1728818135.8621   0.191606767924315 -0.0308446808559083   0.270496175333244 -0.0609422120228019 -0.64129812031926 0.125389477464719 0.754519878207245
1728818141.46899   0.192837051257211 -0.0306125063990642   0.271944252460533 -0.0589364548971936 -0.618418973204902 0.124615844985973 0.773663595526361
1728818142.20841   0.194102640328273 -0.0313182300867086   0.273357289649278 -0.0567574767306419 -0.595921611326654 0.123747358758613 0.791418102641886
1728818143.49218   0.192330152196964 -0.0310358364645945   0.270658858525592 -0.0590246789612961 -0.618075928829122 0.124627038021598 0.773929153650059
1728818146.9062   0.185442190562169 -0.0307529685358078   0.274575261635798 -0.0563637992624328 -0.596621255959345 0.124636770558417 0.79077928304614
1728818147.42052  0.177688792731424 -0.030645620341178  0.273764398865615 -0.058216175618898 -0.618700719121735 0.125503099374891 0.773349383591824
1728818148.34352  0.173056331835337 -0.030346648351556  0.273201811441571 -0.0592170654258014 -0.641485663944236 0.127171417653199 0.754199517799139
1728818149.06688   0.172403033646738 -0.0308360511856421    0.27048061938066 -0.0614215284452394 -0.665256293173657 0.127114869946605 0.733146145099839
1728818150.2093   0.173165200195884 -0.0306124918129397   0.270242758290561 -0.0631097092958999 -0.688301268834822 0.127619640857831 0.711316916135332
1728818172.90535   0.157476330814907 -0.0299395170304996   0.272992420221596 -0.0602611050981389 -0.669570738046422 0.126874739276322 0.729346575023073
1728818174.24468   0.141356541308338 -0.0295246621136833   0.275286315028115 -0.0594308053799521 -0.650742821770907 0.126330352723472 0.746352732470574
1728818180.25922   0.131238749890844 -0.0290081162868354   0.280366240955762 -0.0567004709531844 -0.63279285745304 0.125593676446147 0.761960946890879
1728818182.9169  0.0955869562245753 -0.0279106788295526   0.283772586505087 -0.056025868966395 -0.63573870128629 0.12624540318292 0.759446840712741
1728818185.68248  0.0612355387144713 -0.0269527471195716   0.289838783425249 -0.0560775161099487 -0.629154713463483 0.126787827022891 0.764816648375567
1728818187.1828  0.0359389596098156 -0.0262526738302767   0.293209167444747 -0.0542566530809131 -0.616496114090386 0.127238772604219 0.775112283255841
1728818189.2593 0.00474345731272224 -0.0258026615517257   0.298203018315508 -0.0537499949828482 -0.608375869371626 0.127665071987615 0.781467445899098
1728818190.90817 -0.0253271707479099 -0.0249810311543342   0.303423176214946 -0.0549206297029122 -0.614889464895835 0.127612671616615 0.776279380401167
1728818191.92472 -0.0454202781106049 -0.0239393673613144    0.30946227921588 -0.0538292970867218 -0.602089490369577 0.126828966038374 0.7864509302781
1728818193.18502  -0.063552330916554 -0.0233776622636001    0.31387052055557 -0.0540398690103297 -0.60463270849319 0.128113477240891 0.784274134041652
1728818194.27427 -0.0835315739993881  -0.022771944082535   0.320174220024024 -0.0517248427781426 -0.592671226772648 0.12697944543053 0.793688590086525
1728818195.05864 -0.0960740571132674   -0.02217768977164   0.324315967979477 -0.0521443083625182 -0.575360543805526 0.127315913181348 0.806245541995739
1728818195.45791 -0.0997745431083031  -0.021752572971731   0.326100703117009 -0.0500583762907117 -0.549440362902374 0.127202182355164 0.824274863974954
1728818195.83157 -0.103088295559643 -0.021523580784338  0.328458408532363 -0.0468913197321605 -0.511677466990931 0.126668367805548 0.848494253666458
1728818196.04274  -0.104712690292035 -0.0213673405565411   0.329904967879456 -0.0449696489070619 -0.484756817489362 0.125518250969278 0.864426820065397
1728818196.25399  -0.106037625687238 -0.0211290305654429   0.331163193420121 -0.0430876610387135 -0.456174126907262 0.124739537324134 0.880050377668671
1728818196.50758  -0.106953788569688 -0.0212311814901495   0.331711739550483 -0.0415705848826671 -0.427818644525474 0.124181706055298 0.894327679181459
1728818196.96115  -0.108367682346996 -0.0215617589672907   0.331873824576065 -0.0403208332637053 -0.398770952267267 0.12409431197966 0.907720529550297
1728818197.16495  -0.109016272186483 -0.0208687899025353   0.333056306192293 -0.0368917561303548 -0.368806174882609 0.120337962289831 0.920945046422428
1728818197.37396   -0.10893829243769 -0.0206532732824351   0.334083205326515 -0.0327542114067279 -0.331228959512992 0.118530896424297 0.935502519829806
1728818197.54134  -0.108511750639393 -0.0206691120399045   0.334468301721784 -0.0305080964383365 -0.299999169021163 0.11716848586618 0.946224762177649
1728818197.74621  -0.108231820895682 -0.0206525913018893   0.334538928812984 -0.0290024051688467 -0.271403524624049 0.117046518230768 0.954881720364423
1728818198.15881  -0.107694551569464 -0.0206871542058525   0.334810975124618 -0.027191911807302 -0.241349028667024 0.115870929584262 0.963112233320202
1728818198.3696   -0.10755286542699 -0.0207220650681927   0.335177792711207 -0.0260331052490841 -0.223682751731956 0.114254794952138 0.967591931466543
1728818198.68491 -0.106821084507011 -0.020554925429207  0.335224661657015 -0.0215244598658799 -0.187499577632707 0.109358194147282 0.975920791554255
1728818198.91991  -0.106418012094778 -0.0204673209336655   0.335380784874595 -0.0191052915009355 -0.157302924212922 0.107553350409157 0.981490221391173
1728818199.29931  -0.105855802701018 -0.0207073020254231   0.335343071278469 -0.018352624408583 -0.130047267578235 0.108008268414823 0.985436503954864
1728818199.91576  -0.106191761076809 -0.0209973382728284   0.335357836236318 -0.0190516272680458 -0.129163234751661 0.110519219421549 0.985261080336262
1728818200.38391  -0.107063643718429 -0.0201848661370242   0.336984586343542 -0.0154690150416027 -0.0959779143754324 0.101883905603353 0.99003465560797
1728818200.58478 -0.106928213137655 -0.020103003743685  0.337717735562939 -0.013300271122679 -0.065505773838768 0.0984447308787757 0.99289512605514
1728818200.77921  -0.106616601371883 -0.0200607229193475   0.338057717574956 -0.0106463839800388 -0.0340729474798137 0.0941686271891423 0.994916055962261
1728818200.927  -0.106166016387016 -0.0201412707977463   0.337807998980567 -0.0076595537261904 -0.00250687224179698 0.0914066675626686 0.99578103414022
1728818201.12015  -0.105661490600363 -0.0200961452610939   0.337850644017366 -0.00460193834808016 0.0290301997377829 0.089374896749037 0.995564260857994
1728818201.51605  -0.105228283360561 -0.0201416859290546    0.33770420341356 -0.00219665506742462 0.0607873165030055 0.0866508556682069 0.994380061179248
1728818201.8424  -0.104994054236372 -0.0201995604187844   0.337875062241637 0.00102192892238489 0.0923008650549741 0.0807069724394613 0.992454477833133
1728818202.29853  -0.104585489989547 -0.0203126223929224    0.33668903698234 0.00285055784647558 0.119985520574283 0.0820765309908135 0.989372928795303
1728818202.97566  -0.104590853486474 -0.0203055846211554   0.336553088351953 0.00292471010639598 0.121872864932004 0.0819722635591766 0.989150645185577
1728818203.89823  -0.104565051768067 -0.0203060004639282   0.336533240751947 0.00286833971460905 0.12026781152024 0.0822379961454556 0.989325193315824
1728818205.33519  -0.104553987844577 -0.0203159809711869   0.336615281592454 0.00331072889501581 0.12370476303785 0.0841215081874626 0.98874149429272
1728818205.6262  -0.104671704421875 -0.0203821696413144   0.336826902476889 0.0025189508047853 0.11592378456766 0.0851038286892547 0.989602278393084
1728818206.16042  -0.104685765997251 -0.0202769773747406   0.338242275734055 0.00342562076593209 0.134181358827099 0.0831679652248893 0.987454666111834
1728818207.71468  -0.104031427237713 -0.0199481665397023    0.34199829883503 0.00386607173462982 0.120266661412162 0.0832813324403282 0.989234655331625
1728818209.23626  -0.103475616704744 -0.0195106376496584   0.346164895571795 0.00467203990597626 0.104511890589576 0.0841867239440949 0.990943001529387
1728818216.45621  -0.103576529643319 -0.0194743684754417   0.347623282249059 0.00256292634259946 0.0765636318873787 0.0882250188684516 0.993150435596963
1728818223.57241   -0.1035306921811 -0.019370445314096  0.347823816009225 0.0032627889472899 0.0835720743980149 0.0872766458519948 0.992667038678087
