pos_x, pos_y, pos_z
-0.086312, 0.136831, 0.851568
0.261981, 0.014365, 1.017964
-0.008603, -0.117101, 1.048375
0.365623, -0.166938, 1.111837
-0.122946, 0.210262, 0.631791
-0.356123, 0.166421, 0.693099
-0.198255, 0.208818, 0.633197
-0.251565, 0.047087, 0.906238
-0.320300, 0.021148, 0.935209
-0.273413, 0.007067, 0.910050
-0.372010, 0.001033, 0.956386
0.108335, 0.197544, 0.701279
0.109282, 0.211691, 0.639191
0.271181, 0.106550, 0.967844
0.041839, 0.110002, 0.810368
0.194838, 0.054079, 1.029735
0.405702, 0.223976, 0.798615
-0.352517, -0.023161, 0.969931
-0.270415, 0.050092, 0.883786
-0.244428, 0.014079, 0.962261
-0.195342, 0.033334, 0.967155
-0.279543, 0.193722, 0.553420
-0.330015, 0.186422, 0.701349
-0.069856, 0.214570, 0.662974
-0.073433, 0.209983, 0.636996
-0.207657, 0.161238, 0.801947
0.350649, -0.167942, 1.114141
0.109453, 0.111639, 0.888090
-0.016276, -0.091449, 1.033770
0.151038, 0.171813, 0.898391
0.079224, 0.135862, 0.811269
-0.009312, -0.015233, 1.009733
-0.181145, 0.041340, 0.969776
0.543581, 0.059583, 1.049199
0.302771, 0.148422, 0.850162
0.030904, 0.118483, 0.729479
0.028752, 0.138585, 0.812817
-0.011327, 0.151244, 0.771765
-0.014538, -0.107543, 1.040219
-0.069832, 0.205650, 0.649256
-0.155599, 0.183647, 0.567386
0.078144, 0.083242, 0.503579
0.396852, 0.116968, 0.960325
0.351961, 0.111168, 0.917610
0.316447, -0.194278, 1.108517
0.146972, 0.217474, 0.610436
0.066261, 0.110809, 0.879158
0.002598, -0.042059, 1.025230
0.045400, 0.216125, 0.623378
-0.070309, 0.196061, 0.713684
-0.219126, 0.001751, 0.946229
-0.244662, 0.259061, 0.748379
0.006244, -0.058977, 1.029807
-0.350068, 0.047681, 0.909386
0.351438, -0.142801, 1.053552
-0.032211, -0.134861, 1.025285
-0.036802, -0.103034, 0.968176
0.304769, -0.147227, 1.113183
0.342225, -0.188527, 1.179886
0.416835, -0.114500, 1.102612
-0.252672, 0.016235, 1.047122
0.084657, -0.022346, 1.027832
0.120647, 0.050973, 1.027829
-0.321408, 0.047653, 0.951035
-0.046731, 0.025463, 1.030084
0.289639, -0.214577, 1.073622
-0.020286, -0.016972, 0.949908
0.554896, -0.137421, 1.332976
0.265471, -0.055313, 1.059414
0.321173, -0.200902, 1.117030
-0.444691, -0.012462, 1.019577
0.083008, -0.002304, 1.059218
0.113590, 0.049563, 1.029636
-0.269302, 0.044542, 0.937225
-0.397999, 0.015815, 0.984407
-0.011322, -0.097512, 0.986192
0.380015, -0.147478, 1.134254
0.262535, 0.013018, 1.017128
0.387449, -0.145506, 1.141295
-0.052318, -0.075956, 1.000578
0.304390, -0.170494, 1.077519
0.384181, -0.176938, 1.171100
0.355210, -0.196544, 1.083557
-0.207425, 0.053711, 0.989309
-0.240219, -0.013346, 1.029418
-0.439564, -0.012837, 1.010194
-0.388572, 0.018205, 0.964770
0.089614, -0.024979, 1.062614
0.690340, -0.029486, 1.370323
0.071888, 0.197669, 0.674102
0.081755, 0.194583, 0.645649
0.349924, -0.206947, 1.039050
-0.036135, -0.108785, 1.004136
0.001034, -0.061675, 1.015496
-0.026842, 0.025722, 0.962646
0.448546, 0.050224, 1.062478
-0.176252, 0.037666, 0.985491
0.381024, -0.223166, 1.117881
0.272926, -0.070766, 1.054073
-0.299959, 0.162665, 0.730256
-0.214354, 0.118492, 0.453328
-0.224153, 0.049107, 0.910171
-0.261065, 0.044475, 0.918775
0.278263, 0.208051, 0.702872
0.578275, 0.041199, 1.147496
0.581210, 0.058215, 1.128276
0.768925, -0.033699, 1.517127
-0.222275, 0.200602, 0.640540
-0.294353, 0.179241, 0.683051
-0.090380, 0.156831, 0.543164
-0.020318, -0.118684, 1.068928
-0.048802, -0.030993, 0.977621
-0.064676, 0.212979, 0.750974
-0.253166, 0.196635, 0.842945
0.122965, 0.053032, 1.073129
-0.485879, 0.022386, 1.004846
0.355290, -0.183822, 1.108077
0.477830, -0.118539, 1.141664
0.006578, -0.058731, 1.101038
-0.139178, 0.139246, 0.805693
0.251478, 0.186683, 0.712232
0.480427, 0.299462, 0.928123
0.554119, 0.055893, 1.076573
0.434509, 0.051097, 1.037297
0.028109, 0.042173, 1.061735
-0.055894, 0.012763, 1.003593
-0.229785, 0.025741, 0.961720
0.585504, -0.043722, 1.180934
0.336955, 0.299218, 0.947601
0.250791, -0.047523, 1.017020
0.717346, 0.054709, 1.435600
0.556437, 0.175424, 1.167468
0.408473, 0.261996, 0.781379
-0.003564, 0.124005, 0.813367
-0.141109, 0.091792, 0.554275
0.413402, -0.111835, 1.091530
0.537055, -0.040015, 1.082891
-0.326205, 0.212825, 0.625009
-0.310932, 0.203947, 0.610132
-0.295177, 0.035243, 0.894343
1.917632, 1.334371, 3.935959
0.224929, 0.151733, 0.801205
0.205684, 0.117209, 0.899338
-0.418816, 0.042022, 0.950384
0.296471, -0.221251, 1.090791
0.488701, -0.027304, 0.966673
0.580712, -0.042080, 1.169653
0.254992, -0.047627, 1.030972
-0.017650, 0.045019, 1.028233
0.453557, 0.137513, 0.835009
0.090045, 0.111703, 0.829759
0.419115, 0.131375, 0.877232
0.619331, 0.047044, 1.237852
0.449316, 0.052075, 1.064983
-0.388623, -0.022007, 1.001007
-0.089858, 0.137528, 0.777318
-0.301696, 0.218082, 0.772590
0.006075, -0.053559, 1.026149
-0.327471, -0.035729, 1.013059
0.286087, 0.212374, 0.700550
0.214954, 0.130111, 0.890687
0.104972, 0.143868, 0.862197
-0.197477, -0.001163, 1.033247
0.161211, 0.119306, 0.860257
0.100494, 0.032966, 1.042233
-0.049490, -0.036715, 0.999567
0.146944, 0.132601, 0.835588
-0.227872, 0.028093, 0.965161
0.206697, 0.127650, 0.906798
-0.202911, 0.130995, 0.784676
-0.051613, -0.015920, 0.988218
0.014764, 0.123660, 0.831163
0.353183, 0.069282, 1.081053
0.264494, 0.059964, 1.048395
-0.260637, 0.203457, 0.673443
-0.202688, 0.010579, 1.004449
-0.171279, 0.167810, 0.723671
0.088685, 0.205301, 0.690808
-0.011613, 0.018250, 1.027036
0.197250, 0.111594, 0.432525
0.584576, 0.065764, 1.364681
-0.288126, 0.022258, 0.930842
0.085191, 0.034454, 0.999562
-0.013473, -0.000232, 0.921228
-0.200911, 0.046131, 0.925074
0.023174, 0.111526, 0.683439
0.528809, 0.145219, 0.996711
0.153561, 0.124892, 0.706581
0.384365, 0.220653, 0.783364
-0.338388, 0.040255, 0.903648
0.446117, 0.296498, 0.951784
0.277268, 0.209160, 0.707126
-0.332299, 0.214210, 0.624162
0.248961, 0.139209, 0.867834
-0.034323, -0.089175, 1.033606
0.001624, -0.068951, 1.043480
0.376626, 0.159554, 0.849090
-0.019985, 0.020482, 0.990084
-0.298620, 0.189135, 0.615684
0.284022, 0.132889, 0.885927
0.287766, 0.125918, 0.851468
-0.292533, 0.035616, 0.894423
0.154668, 0.208735, 0.673064
-0.046143, -0.028893, 0.947654
-0.172661, 0.204947, 0.902800
-0.434258, -0.012138, 0.999886
-0.010849, -0.040142, 1.059164
-0.109666, 0.200994, 0.618338
0.092097, 0.138492, 0.896304
-0.146559, 0.155222, 0.743541
0.207863, 0.212778, 0.666570
0.368242, -0.168802, 1.114842
-0.302903, 0.181213, 0.654507
-0.384336, 0.019402, 0.958621
0.256508, 0.013487, 1.001152
-0.012657, 0.147986, 0.759917
0.307703, 0.180141, 0.770909
-0.053330, 0.017484, 0.985306
0.406160, 0.152633, 0.848684
0.385197, -0.141667, 1.123066
0.479564, 0.029645, 1.034407
0.016993, 0.036205, 0.938041
0.250336, 0.172811, 0.741009
-0.053515, 0.054668, 0.265074
-0.226637, 0.179594, 0.700075
-0.184015, 0.164994, 0.740697
0.223444, 0.188204, 0.726514
0.116287, 0.181267, 0.730877
-0.140319, 0.152769, 0.666173
-0.274334, 0.190659, 0.663305
0.175358, 0.195343, 0.648952
0.057170, 0.128379, 0.826046
-0.300472, 0.050425, 0.950221
-0.318769, -0.004369, 0.955956
-0.305974, -0.023812, 0.962548
-0.056283, 0.043860, 1.012701
-0.210687, 0.142984, 0.857841
0.361135, -0.199982, 1.093396
0.474192, -0.044526, 1.110361
-0.105315, 0.087233, 0.757176
0.540636, -0.042118, 1.087433
-0.226698, 0.007352, 0.954739
0.257048, -0.049518, 1.035846
0.127565, 0.119766, 0.744217
0.347433, -0.166953, 1.106334
0.258348, 0.143273, 0.894056
0.447158, -0.114621, 1.085384
-0.695105, 0.060318, 1.423646
-0.016376, -0.038665, 1.003110
0.277717, -0.047436, 1.037862
-0.024795, 0.016755, 0.075598
0.147088, 0.194055, 0.697674
0.148592, 0.194447, 0.697031
0.383746, 0.314182, 0.935095
0.407240, 0.259015, 0.885269
-0.195939, 0.148408, 0.683834
0.231721, 0.152651, 0.840023
0.180070, 0.115049, 0.919938
-0.022620, 0.134616, 0.807633
-0.222178, 0.199736, 0.678843
0.495164, 0.124699, 0.990127
-0.010706, 0.188559, 0.673618
0.288206, 0.184294, 0.756851
-0.284416, 0.021622, 0.921456
0.170533, 0.147553, 0.826179
0.057996, 0.142846, 0.750142
-0.147243, 0.164808, 0.727237
0.357638, 0.195128, 0.802062
-0.092856, 0.208206, 1.052551
-0.108011, 0.141251, 0.750391
-0.055232, -0.063335, 1.025180
0.286294, -0.073281, 1.082334
0.364664, -0.115671, 1.126671
-0.231151, 0.029174, 0.936256
-0.059135, 0.131398, 0.669341
-0.176712, 0.037503, 0.992640
-0.392085, -0.035569, 1.049218
-0.311109, -0.017857, 0.958476
0.423757, 0.257926, 0.834040
-0.422943, 0.087260, 0.876675
0.111886, 0.122092, 0.866677
-0.339794, 0.040484, 0.906071
-0.252910, 0.180635, 0.744632
-0.135659, 0.163626, 0.728242
-0.051115, 0.001140, 1.007817
0.255997, 0.187200, 0.739203
0.082518, 0.003150, 1.070881
0.075310, 0.152530, 0.785358
-0.221237, 0.173578, 0.734166
0.276089, 0.181649, 0.728790
-0.015137, -0.107389, 1.024315
0.277288, 0.216424, 0.672906
-0.270868, 0.048986, 0.881978
-0.146415, 0.134393, 0.768168
0.512226, -0.082111, 1.114936
0.368575, 0.268362, 0.826900
-0.032400, 0.034781, 1.012684
-0.016667, -0.054840, 1.010518
-0.175897, 0.037565, 0.989822
0.015278, 0.050069, 1.048357
-0.202097, 0.015330, 1.001820
0.005930, 0.044955, 0.966656
-0.038567, 0.007904, 0.971302
-0.401984, 0.001259, 1.004373
0.301538, -0.142115, 1.104342
0.274562, 0.132697, 0.772758
0.243676, 0.193561, 0.666979
-0.424475, -0.012702, 0.988352
0.062889, 0.149359, 0.788839
-0.100770, 0.182236, 0.754809
-0.275492, 0.171609, 0.777181
-0.306073, 0.035565, 0.915237
0.302032, 0.176152, 0.753981
-0.111234, 0.044884, 0.211332
-0.173843, 0.175189, 0.762161
0.297287, 0.178625, 0.757751
-0.318014, -0.008702, 0.959040
0.082585, -0.007947, 1.069721
0.568063, -0.026858, 1.122100
0.341109, 0.056333, 1.051059
0.456706, 0.076155, 1.181184
-0.045738, 0.058957, 0.519695
-0.163458, 0.196026, 0.866896
-0.017510, -0.054673, 1.005307
-0.480843, 0.042389, 0.993000
-0.080186, 0.158855, 0.754300
-0.066059, 0.211784, 0.622302
0.293453, 0.114499, 0.678450
0.236356, 0.182502, 0.753435
0.236800, 0.186561, 0.709889
-0.033296, 0.069947, 0.368566
0.060704, 0.144557, 0.808793
-0.192943, 0.032091, 0.960952
0.131721, 0.185632, 0.731423
0.074743, 0.212827, 0.717790
-0.171043, 0.158834, 0.652829
-0.316976, 0.029328, 0.902725
0.191158, 0.150996, 0.718323
0.143916, 0.119948, 0.861671
0.116043, 0.045816, 1.075426
-0.373636, 0.000677, 0.956911
0.307969, -0.170972, 1.087535
0.130565, 0.141131, 0.831151
-0.224761, 0.033902, 0.941602
-0.054678, -0.060716, 1.012679
0.297607, 0.194166, 0.783587
-0.197742, 0.038570, 0.968853
-0.020356, -0.074298, 1.023281
-0.050812, -0.077204, 1.014708
-0.384922, -0.020739, 0.991385
-0.058940, 0.165423, 0.945237
-0.028022, 0.151332, 0.790297
-0.024740, 0.107961, 0.750619
0.351107, -0.112245, 1.065069
0.333373, -0.199390, 1.113765
0.113830, 0.194869, 0.673896
-0.180710, 0.187998, 0.676521
0.250678, 0.139081, 0.872050
0.452494, 0.031886, 0.898733
0.335893, 0.180309, 0.748098
-0.017013, -0.092321, 1.032234
0.282356, 0.132520, 0.882852
-0.379335, 0.000933, 0.968628
0.413903, 0.121285, 1.004180
0.198230, 0.207786, 0.666189
-0.090523, 0.208103, 0.655519
0.153550, 0.208902, 0.673628
0.337600, 0.196833, 0.766542
0.395330, -0.109117, 1.053411
0.371904, -0.205572, 1.131586
-0.049692, 0.119595, 0.806893
-0.149935, 0.170097, 0.640998
-0.194836, 0.185009, 0.715497
0.009610, 0.163577, 0.738424
-0.261367, 0.208977, 0.698555
-0.038031, 0.161859, 0.761703
-0.242992, 0.160410, 0.761223
0.009515, 0.164690, 0.745709
0.362471, 0.153565, 0.875763
0.382010, 1.220271, 5.832120
-0.051079, -0.078928, 1.026235
0.087522, -0.025370, 1.052406
0.483528, 0.069904, 1.077173
0.382610, -0.223753, 1.117804
-0.050745, -0.016639, 0.951227
-0.384867, 0.001300, 0.975322
0.477466, 0.241515, 1.001519
-0.488942, 0.026115, 1.007295
-0.415955, -0.026397, 1.012095
-0.251241, 0.004934, 0.921761
-0.146608, 0.060470, 0.295104
-0.184016, 0.062559, 0.332496
-0.128006, 0.061982, 0.299709
0.330019, -0.104539, 1.026143
-0.170430, 0.059895, 0.370404
-0.202871, 0.061049, 0.350955
0.168903, 0.167138, 0.778418
-0.620218, -0.031800, 1.005514
-0.027925, -0.111044, 1.040761
-0.336653, 0.188613, 0.676163
-0.276566, 0.200838, 0.825385
0.325125, 0.148728, 0.880354
0.106409, 0.194213, 0.691005
-0.139757, 0.202771, 0.651246
-0.069282, 0.126312, 0.791783
-0.198510, 0.209215, 0.607081
-0.357866, 0.185053, 0.689883
0.225500, 0.190763, 0.729918
-0.236588, 0.205086, 0.637812
-0.136466, 0.136889, 0.794262
-0.202067, 0.144944, 0.765247
-0.219709, 0.033934, 0.981033
0.205300, 0.187718, 0.706715
-0.165666, 0.239725, 1.067848
0.235705, 0.197437, 0.688159
-0.190703, 0.178355, 0.735281
-0.279201, 0.178568, 0.702117
-0.640053, 0.040549, 1.058482
-0.119080, 0.169605, 0.726352
-0.171741, 0.169371, 0.729836
-0.302160, 0.026803, 0.928913
0.331658, -0.178247, 1.109687
0.307443, 0.211965, 0.724977
0.100403, 0.195318, 0.669652
-0.305054, -0.015441, 0.937930
-0.219813, 0.171249, 0.727378
-0.244029, 0.052333, 0.993735
-0.013415, 0.203995, 0.551257
0.126775, 0.209774, 0.664519
0.416836, 0.211905, 0.874777
-0.243932, 0.189171, 0.704142
-0.045788, 0.207076, 0.636291
0.250031, 0.171306, 0.744491
0.224907, 0.138722, 0.544951
-0.327950, -0.032295, 0.979613
0.319290, 0.210420, 0.727462
0.172675, 0.132904, 0.869211
0.127404, 0.115574, 0.887946
-0.377901, 0.016115, 0.951856
0.303819, 0.190418, 0.741789
-0.069984, 0.198337, 0.652580
-0.163044, 0.162840, 0.713804
-0.315281, 0.169434, 0.682714
-0.026251, 0.197157, 0.658237
0.206612, 0.186701, 0.745513
0.311895, 0.201088, 0.721884
0.310174, 0.199904, 0.716603
-0.352056, 0.168762, 0.715839
0.205581, 0.167826, 0.788065
0.267875, 0.053618, 1.008957
-0.106131, 0.065004, 0.455010
-0.041181, -0.054979, 0.998061
0.385301, -0.118312, 1.127917
0.230985, 0.221850, 0.670543
0.044139, 0.215873, 0.624508
-0.022365, 0.133589, 0.801751
0.299217, 0.221824, 0.682575
-0.220200, 0.033755, 0.973477
0.143820, 0.188377, 0.675770
-0.124176, 0.144490, 0.794632
-0.238013, 0.011400, 0.950287
0.027485, 0.024459, 0.729593
-0.074360, 0.061325, 0.710607
-0.308666, -0.033676, 0.975888
0.017289, 0.158729, 0.756567
-0.333773, 0.157953, 0.674545
-0.185759, 0.151144, 0.666005
-0.109187, 0.143585, 0.763934
-0.291027, 0.023383, 0.935879
-0.057807, 0.067175, 0.607250
-0.620531, 0.012872, 1.051610
-0.409811, 0.012402, 0.943160
-0.052711, 0.061182, 0.394481
-0.274019, 0.039258, 0.857077
-0.064670, 0.064967, 0.519536
-0.035611, 0.062642, 0.557383
0.028571, 0.067065, 0.543457
-0.055161, 0.007635, 0.920822
-0.245864, 0.005287, 0.911002
-0.229754, 0.180985, 0.722353
-0.161541, 0.060550, 0.327775
-0.165396, 0.059737, 0.319975
-0.169943, 0.061755, 0.328402
0.377827, -0.142945, 1.126406
-0.025783, 0.062725, 0.562134
-0.309641, -0.018846, 0.957399
-0.008685, -0.001232, 1.003707
0.397979, 0.049538, 1.126036
-0.632315, -0.035609, 1.023799
-0.009307, -0.110292, 1.035298
-0.005438, 0.214175, 0.659858
0.006146, 0.153271, 0.759602
-0.111412, 0.205659, 0.627177
-0.204135, 0.173038, 0.697089
0.384426, 0.127527, 0.961102
0.243550, -0.058801, 1.013646
0.307731, -0.202417, 1.095095
-0.231153, 0.030879, 1.013096
-0.236051, 0.203139, 0.634517
-0.199292, 0.209664, 0.607642
0.244918, 0.213206, 0.684615
0.212336, 0.192076, 0.762618
-0.104281, 0.103109, 0.417024
0.244820, 0.129931, 0.894226
-0.393853, 0.032580, 0.943084
-0.159054, 0.169173, 0.822068
0.375502, 0.117603, 0.867638
0.226666, 0.207535, 0.685582
0.192759, 0.164857, 0.820541
-0.055186, 0.149045, 0.717574
-0.047874, 0.053092, 1.014160
-0.117641, 0.215458, 0.744048
0.072839, 0.224236, 0.844943
-0.391302, 0.034541, 0.938634
0.245433, -0.061556, 1.375411
-0.201412, -0.001006, 1.044098
-0.003927, 0.063983, 0.505636
-0.354085, -0.030360, 1.020636
-0.000228, -0.033562, 1.019577
0.351168, 0.071718, 1.279788
0.000913, 0.066475, 0.367592
-0.027980, 0.061994, 0.356715
-0.046284, 0.208070, 0.640657
0.234301, 0.222176, 0.653554
0.180500, 0.218516, 0.634498
0.124786, 0.162243, 0.781320
0.060907, 0.206142, 0.656362
0.061658, 0.160457, 0.752262
0.209966, 0.229415, 0.645380
-0.482640, 0.019803, 0.999929
-0.207808, 0.389841, 1.179486
0.120821, 0.141551, 0.801563
-0.224925, 0.008856, 0.957074
-0.179084, 0.037360, 0.998772
0.272958, 0.178412, 0.726137
-0.317137, -0.017154, 0.972090
0.000156, -0.080568, 1.038274
-0.123228, 0.124639, 0.815861
-0.268181, 0.155572, 0.701973
0.111117, 0.215298, 0.649336
-0.169700, 0.041301, 1.002053
0.105841, 0.156181, 0.862918
-0.304974, 0.160354, 0.728471
-0.158962, 0.166786, 0.594788
-0.066973, 0.122008, 0.763663
0.291719, 0.234485, 0.690102
-0.024525, -0.083674, 1.012182
-0.253125, 0.045721, 0.902559
0.385941, -0.144864, 1.136189
0.283131, 0.418004, 1.439501
-0.150211, 0.212645, 0.903916
0.070424, 0.201519, 0.680940
-0.112919, 0.208229, 0.638841
-0.048643, 0.179757, 0.704467
-0.052220, 0.048394, 1.013119
0.298380, 0.190100, 0.758399
0.226921, 0.193699, 0.664135
-0.057448, 0.085234, 0.679437
-0.301715, 0.052338, 0.887892
0.178435, 0.137287, 0.809812
-0.343633, 0.049659, 0.901876
0.396133, 0.137949, 0.922608
0.250998, 0.224220, 0.700442
0.126761, 0.210548, 0.666796
-0.277656, 0.175854, 0.694800
-0.838629, 0.490299, 1.638850
0.008540, 0.165478, 0.746721
-0.012645, 0.197210, 0.641292
0.330072, -0.159054, 1.066289
-0.218071, 0.050448, 0.966532
-0.012123, 0.016556, 1.023794
0.052161, 0.101148, 0.865674
-0.026234, 0.196971, 0.660218
-0.065425, 0.112457, 0.853280
0.085677, 0.091373, 0.933349
-0.013125, 0.146727, 0.746786
0.321753, -0.193771, 1.087261
-0.020235, 0.018806, 0.994804
-0.357208, -0.029911, 1.026105
-0.061692, 0.005327, 1.001843
-0.321848, -0.006268, 0.966298
-0.128242, 0.057923, 0.459500
-0.027185, 0.061797, 0.519313
-0.242451, -0.009151, 0.968858
0.083933, 0.198285, 0.656205
-0.200858, 0.014215, 0.994157
0.146314, 0.173775, 0.794483
-0.321425, 0.179881, 0.680611
0.122090, 0.207537, 0.712091
-0.323483, 0.172662, 0.709836
0.289130, 0.225633, 0.698073
-0.486007, 0.037627, 0.990997
-0.246396, -0.011690, 1.032306
0.225559, 0.204178, 0.682100
0.288382, 0.225915, 0.699159
0.319395, -0.174399, 1.087401
-0.079458, 0.158236, 0.750317
0.234195, 0.198524, 0.690385
0.291785, 0.214394, 0.709883
-0.291105, 0.044616, 0.880987
-0.187850, 0.151747, 0.694865
-0.331892, 0.199588, 0.806987
-0.192904, 0.052921, 0.957697
-0.089143, 0.059525, 0.727985
-0.381166, 0.023828, 0.954259
-0.323060, 0.045715, 0.906903
0.315565, 0.144541, 0.853698
-0.082702, 0.124401, 0.624453
-0.135758, 0.167047, 0.737637
-0.073691, 0.061959, 0.566545
0.145096, 0.194119, 0.695867
-0.228976, 0.173931, 0.588240
0.011936, 0.064969, 0.449559
-0.102776, 0.155195, 0.753589
0.270624, 0.204891, 0.706280
0.176539, 0.151845, 0.844775
-0.176480, 0.204053, 0.575271
-0.234977, 0.010865, 0.946572
0.226070, 0.206316, 0.687440
0.053387, 0.217027, 0.635743
-0.140374, 0.072668, 0.445882
-0.014984, -0.013869, 0.978617
0.165080, 0.128697, 0.838066
0.033406, 0.165524, 0.730410
-0.653994, -0.017220, 1.058259
0.294563, 0.013555, 1.021319
-0.088359, 0.062143, 0.589767
-0.126366, 0.063553, 0.336613
0.001303, -0.042780, 0.989228
-0.019967, -0.049829, 1.020196
-0.016604, -0.079448, 1.023339
-0.018534, -0.052912, 1.001429
-0.004492, -0.056019, 1.010389
0.009067, -0.060422, 1.043519
-0.010820, -0.078118, 1.019173
-0.049332, -0.039281, 0.996084
-0.020383, -0.048094, 1.014967
-0.014124, -0.102719, 1.032340
0.026836, 0.018926, 1.058601
-0.029994, -0.133807, 1.035579
-0.051127, -0.065220, 1.007860
-0.226540, 0.205965, 0.565459
0.053707, 0.169941, 0.714459
0.106881, 0.171619, 0.690314
-0.149312, 0.165995, 0.737447
0.102652, 0.177500, 0.753562
-0.116373, 0.178426, 0.690646
0.190453, 0.187154, 0.721186
0.074345, 0.202814, 0.689420
0.118436, 0.225091, 0.680051
-0.009520, 0.180929, 0.654831
0.205313, 0.214649, 0.660851
0.348264, 0.064938, 1.025025
-0.176896, 0.210329, 0.607833
0.011376, 0.134932, 0.721694
-0.020633, -0.048682, 1.007563
-0.060786, 0.010558, 0.185014
-0.312203, 0.043438, 0.991120
-0.027118, -0.140569, 1.052348
0.362123, -0.211342, 1.071167
0.330635, -0.104077, 1.042205
-0.226348, 0.033971, 0.951155
0.028827, 0.045382, 1.079182
-0.348854, -0.022972, 0.954038
-0.334435, 0.031669, 0.922370
-0.028398, 0.051409, 1.014670
0.098395, 0.040703, 1.031337
-0.111097, 0.063291, 0.373937
-0.131434, 0.066118, 0.409878
-0.097300, 0.060031, 0.324341
-0.045833, 0.089174, 0.458888
-0.124747, 0.065369, 0.399585
-0.089504, 0.065065, 0.399087
-0.079404, 0.062741, 0.344730
-0.041376, 0.065087, 0.394318
-0.128296, 0.063829, 0.341765
-0.049373, -0.125366, 1.066715
0.088483, 0.020593, 1.056099
0.109429, 0.054360, 1.027954
-0.089962, 0.097945, 0.507121
0.248326, -0.058797, 1.038994
-0.036147, 0.004188, 0.995309
0.114243, -0.030535, 1.070704
-0.181815, 0.043554, 1.025644
-0.029222, -0.103980, 1.024776
-0.030403, -0.093182, 1.025770
-0.190238, 0.002296, 1.025852
-0.191126, -0.002334, 1.025039
0.111294, 0.054820, 1.098677
-0.048259, 0.019108, 0.986010
0.082921, 0.002357, 1.072107
-0.039521, 0.056424, 1.025395
0.106185, 0.056288, 1.003721
-0.094338, 0.049533, 1.044780
-0.419914, -0.000068, 0.979419
-0.406077, 0.022014, 0.963941
-0.061945, 0.064268, 0.411178
-0.073009, 0.066043, 0.379240
-0.114307, 0.064915, 0.459065
-0.302966, 0.061853, 0.569715
-0.412859, 0.011919, 0.950226
0.520231, -0.082729, 1.132017
-0.130893, 0.107888, 0.817568
0.119636, -0.032648, 1.103436
-0.122634, 0.050209, 1.040109
-0.032439, -0.120790, 1.046993
0.309456, 0.064945, 1.039366
-0.260724, 0.005931, 0.936091
-0.057211, 0.008856, 0.961108
0.041080, 0.214477, 0.660388
0.334969, 0.065940, 1.032228
0.066443, 0.190993, 0.644426
-0.257816, 0.005420, 0.930749
-0.066955, 0.216608, 0.634965
-0.027328, 0.054520, 1.034320
-0.019262, -0.113021, 0.967868
0.167192, 0.166342, 0.776277
0.175304, 0.053305, 0.993669
0.172341, 0.189065, 0.715160
0.181399, 0.194035, 0.729108
0.180201, 0.192013, 0.702742
-0.002095, -0.036872, 1.005345
-0.052362, 0.018539, 0.978431
-0.020685, -0.047704, 1.001820
-0.026267, 0.020911, 0.996722
-0.029336, -0.093649, 1.022589
-0.210575, 0.030824, 0.968434
-0.053352, -0.013832, 1.009279
-0.166013, 0.061850, 0.550231
-0.151726, 0.067609, 0.353779
-0.156062, 0.067662, 0.396429
-0.010038, 0.013154, 0.999564
0.080612, 0.064987, 0.633696
-0.034203, 0.063178, 0.579221
0.036054, 0.063419, 0.618767
-0.048971, 0.064305, 0.469680
-0.381444, 0.023876, 0.955256
-0.334400, 0.032296, 0.921017
0.033383, 0.064186, 0.433419
-0.098484, 0.066273, 0.396046
-0.170610, 0.058278, 0.453902
-0.099418, 0.062699, 0.335020
0.054362, 0.071677, 0.470130
-0.115630, 0.065584, 0.464297
-0.127643, 0.064791, 0.341592
-0.010372, 0.066162, 0.373013
-0.125131, 0.062267, 0.344625
0.024711, 0.067067, 0.408488
-0.101716, 0.058597, 0.376151
-0.185532, 0.062180, 0.327683
0.000079, 0.063537, 0.475295
-0.118684, 0.058735, 0.352174
-0.073755, 0.071026, 0.402559
-0.072747, 0.065401, 0.376519
0.011688, 0.065450, 0.450672
-0.165361, 0.061410, 0.547604
0.042161, 0.065332, 0.438068
-0.041462, -0.053161, 0.995557
-0.019692, -0.040362, 1.000109
-0.228326, -0.020355, 1.027869
-0.038750, -0.039243, 0.994822
-0.050418, 0.023649, 1.013255
0.074672, 0.061168, 0.832865
-0.021826, -0.065004, 1.005535
-0.806612, 0.078840, 1.556312
-0.028919, -0.095252, 1.030149
-0.059594, 0.043169, 1.030881
0.005743, -0.064399, 1.027667
0.167575, -0.042094, 0.853199
0.021701, 0.062417, 0.594851
0.004007, 0.067595, 0.373877
-0.013046, 0.065972, 0.394665
0.000031, 0.063739, 0.474586
-0.475059, 0.031496, 0.793082
-0.037749, -0.073001, 1.016903
0.267294, -0.067010, 1.050976
0.573358, 0.099841, 1.541639
-0.042950, -0.043584, 0.988839
-0.128425, 0.059582, 0.654789
-0.287510, 0.047296, 0.877927
-0.221918, -0.010799, 0.929798
-0.131627, 0.065355, 0.418437
-0.101773, 0.053386, 0.314609
-0.144396, 0.064714, 0.387731
-0.093874, 0.058562, 0.369255
0.031468, 0.059276, 0.406096
-0.067592, 0.066651, 0.466637
0.175586, 0.051732, 0.996971
-0.069266, 0.059443, 0.478109
0.042277, 0.060861, 0.524178
0.028363, 0.063920, 0.461815
-0.144343, 0.059458, 0.477412
-0.127751, 0.064368, 0.467489
-0.125516, 0.064352, 0.539591
-0.206298, -0.007171, 1.038699
-0.234752, 0.005307, 0.947148
-0.030981, -0.123046, 1.047845
-0.025768, -0.141408, 1.055452
-0.037982, -0.140606, 1.073096
0.269459, -0.049232, 1.032043
0.832639, -0.226597, 2.199181
-0.104178, 0.043677, 0.924488
-0.110355, 0.063151, 0.499540
0.038547, 0.063226, 0.461766
-0.111802, 0.060617, 0.541832
-0.122661, 0.062493, 0.531921
-0.297088, 0.029443, 0.946177
-0.164101, 0.060616, 0.545542
0.001575, 0.060073, 0.595372
-0.352371, -0.028639, 1.013873
-0.014180, -0.104952, 1.037317
0.312670, -0.148221, 1.134486
-0.015471, 0.063176, 0.436425
0.049234, 0.065718, 0.803364
-0.012453, 0.064131, 0.760976
-0.155768, 0.050112, 1.057638
-0.087745, 0.064184, 0.532597
-0.324181, 0.028110, 0.911353
-0.107506, 0.065370, 0.522225
-0.311504, 0.034253, 0.917993
0.104307, 0.066978, 0.578522
-0.221516, 0.004469, 1.027881
0.307124, -0.163257, 1.092060
-0.139155, 0.049890, 1.063838
-0.009947, -0.066716, 1.024575
-0.024159, -0.055840, 1.000083
0.066257, 0.049907, 1.047914
-0.250405, -0.010190, 1.004832
-0.219847, 0.046884, 0.957164
-0.044504, -0.123970, 1.038598
-0.181107, 0.042510, 0.968182
-0.000849, -0.112037, 1.045587
-0.030149, -0.096497, 1.030926
-0.215258, 0.033892, 0.968980
-0.073316, 0.062442, 0.563980
-0.006894, 0.062508, 0.659192
-0.409637, 0.039836, 0.930806
-0.001800, -0.029138, 1.008902
-0.134304, 0.065047, 0.430379
-0.215669, 0.061000, 0.445690
-0.184890, 0.062942, 0.333599
-0.068042, 0.064231, 0.462185
-0.691085, 0.050371, 1.210232
-0.075651, 0.061045, 0.497349
0.045636, 0.064784, 0.509691
0.077414, 0.063368, 0.553288
-0.149642, 0.060043, 0.309403
-0.121268, 0.064964, 0.322183
-0.129931, 0.059572, 0.363731
-0.159447, 0.057566, 0.311065
-0.061671, 0.071844, 0.453531
-0.079539, 0.067864, 0.381946
0.015856, 0.064808, 0.429418
0.016322, 0.065682, 0.431888
-0.012378, -0.006762, 1.003459
-0.021298, 0.024846, 0.984267
0.224652, -0.040260, 0.951708
-0.086984, 0.062656, 0.568649
0.031128, 0.057484, 0.507746
0.056003, 0.060576, 0.558567
-0.122405, 0.062485, 0.529196
-0.105021, 0.065036, 0.484807
0.016545, 0.064697, 0.485552
-0.038195, 0.061674, 0.604449
0.187676, -0.046685, 0.933672
-0.401929, 0.021642, 0.957163
-0.178101, 0.062821, 0.481207
-0.162871, 0.061555, 0.330629
-0.114980, 0.064592, 0.458895
-0.041827, 0.063465, 0.388575
0.033688, 0.066479, 0.632845
0.023969, 0.064990, 0.483043
0.149049, 0.051181, 0.902849
-0.036501, -0.005934, 0.979791
-0.133268, 0.062851, 0.500835
-0.124225, 0.061314, 0.456701
-0.079277, 0.063849, 0.510072
-0.082571, 0.061752, 0.543420
0.033215, 0.061613, 0.605798
-0.032725, -0.085651, 1.020548
0.319836, -0.199622, 1.106199
-0.074980, 0.065251, 0.422331
0.042779, 0.064516, 0.581441
-0.136014, 0.061257, 0.500614
-0.034439, 0.062796, 0.577452
-0.222154, 0.044228, 0.928089
-0.319041, -0.018485, 0.977834
0.094569, 0.018566, 1.084905
-0.052016, -0.065162, 1.014043
-0.037312, -0.071552, 1.008283
-0.177722, 0.064364, 0.467477
-0.067209, 0.064932, 0.457026
-0.135548, 0.065844, 0.434239
-0.052847, 0.063933, 0.445539
-0.049821, -0.034509, 0.988961
-0.068297, 0.061469, 0.580757
0.263852, 0.055043, 1.008961
0.190417, 0.060769, 0.774038
-0.100618, 0.072323, 0.440583
0.085515, 0.066830, 0.526855
-0.061808, 0.066200, 0.418095
-0.662756, 0.040593, 1.098552
-0.033420, -0.034287, 0.987130
-0.062419, 0.060973, 0.625722
-0.062237, 0.061351, 0.628288
0.002097, -0.027334, 1.024929
-0.145542, 0.060161, 0.561944
-0.404168, 0.038265, 0.920364
-0.046542, 0.063106, 0.518743
-0.002876, 0.063389, 0.545496
-0.160616, 0.059832, 0.467439
0.036557, 0.069909, 0.482559
-0.045103, 0.063430, 0.495698
-0.038872, 0.063146, 0.527639
0.067730, 0.062913, 0.715010
-0.004215, 0.062599, 0.501687
-0.064658, 0.064651, 0.516167
-0.009994, 0.002923, 0.986950
-0.055011, 0.023011, 0.981965
-0.042218, 0.059191, 0.649503
-0.040588, 0.063359, 0.683044
-0.220061, 0.047497, 0.959438
-0.169896, 0.037507, 0.979722
-0.052323, 0.065407, 0.451244
-0.156424, 0.063535, 0.467495
0.060224, 0.062925, 0.571892
0.035883, 0.062544, 0.637691
0.355809, -0.183062, 1.103882
-0.080599, 0.060506, 0.538427
-0.100535, 0.062160, 0.557073
-0.105182, 0.065510, 0.457254
-0.059653, 0.063537, 0.423770
-0.024682, -0.140626, 1.051811
0.267582, 0.015058, 1.024887
-0.416088, 0.036389, 0.971903
0.155894, 0.055204, 0.985898
-0.150933, 0.059677, 0.588992
-0.065802, 0.052316, 0.991444
-0.181451, 0.033143, 0.980064
-0.019932, -0.080087, 1.052170
-0.029916, -0.063656, 1.002947
0.032714, 0.052201, 1.065733
-0.173362, 0.049681, 1.055352
-0.172608, 0.049293, 1.052908
-0.010007, -0.066734, 1.021856
-0.028711, -0.031808, 0.996081
0.092594, 0.032809, 1.013058
-0.038065, 0.014171, 1.007456
-0.037255, 0.015188, 0.989345
0.089525, 0.018617, 1.068423
-0.069116, 0.064351, 0.591672
-0.090560, 0.068173, 0.607694
-0.034542, 0.063201, 0.577621
-0.027922, 0.062425, 0.598203
-0.011798, -0.066734, 1.019334
-0.226194, 0.041611, 0.952113
-0.256720, 0.006333, 0.922531
-0.044330, -0.133578, 1.069836
-0.016707, 0.055473, 0.797551
-0.080536, 0.054203, 0.749259
-0.227096, 0.050435, 0.912261
-0.195826, 0.038904, 0.963762
-0.068653, 0.062143, 0.582666
0.002472, 0.060859, 0.598015
-0.068647, 0.061592, 0.579833
-0.015124, 0.063173, 0.437249
-0.061399, 0.066426, 0.418829
0.064550, 0.068145, 0.502418
-0.038423, 0.064227, 0.536916
0.020771, 0.064003, 0.477453
0.260206, 0.059410, 1.034802
-0.020949, -0.065291, 1.012475
-0.040662, -0.055097, 1.004996
-0.194673, 0.008746, 1.008446
-0.112348, 0.065217, 0.508944
0.254391, -0.046351, 1.028517
-0.035794, 0.063556, 0.562561
-0.226293, 0.029980, 0.967337
-0.037419, -0.004036, 0.995706
-0.049167, -0.036808, 0.982471
-0.225686, 0.050038, 0.911761
-0.275894, 0.031181, 0.921436
-0.076585, 0.064645, 0.514590
-0.133565, 0.064654, 0.431129
-0.142175, 0.062882, 0.412864
-0.188444, 0.069370, 0.486600
0.227740, 0.056265, 0.970065
-0.251237, -0.032125, 0.991394
-0.231716, 0.052353, 0.927084
-0.346694, 0.040474, 0.918780
0.063603, 0.060958, 0.684590
0.038678, 0.062001, 0.569908
-0.020689, -0.027228, 1.007762
-0.017728, -0.080811, 1.027140
-0.029712, -0.094381, 1.027747
-0.032971, -0.084574, 1.024743
0.085638, -0.015090, 1.065311
0.273350, -0.047770, 1.032379
-0.010754, -0.089339, 1.029488
-0.246825, -0.003985, 1.038909
-0.081533, 0.055617, 0.754830
-0.088346, 0.062840, 0.593181
-0.026269, 0.062815, 0.561447
-0.013943, 0.048799, 1.068733
-0.016104, -0.048644, 1.008216
-0.037767, 0.011660, 0.963472
0.094384, 0.045267, 0.994163
-0.219309, 0.037528, 0.965727
-0.062447, 0.065537, 0.643968
-0.078936, 0.066183, 0.468022
-0.097509, 0.053592, 1.081337
-0.014121, -0.024146, 0.958121
-0.095536, 0.051396, 1.063372
-0.242727, -0.013088, 1.022004
-0.121880, 0.062341, 0.831773
-0.002434, -0.057306, 1.025762
-0.081645, 0.062885, 0.488214
-0.009545, 0.062639, 0.539571
-0.232634, 0.039679, 0.931767
0.061781, 0.060630, 0.881830
-0.050305, -0.004529, 0.969595
0.063299, 0.061087, 0.637185
-0.005118, -0.007170, 1.010143
-0.293090, 0.048953, 0.882999
-0.319001, 0.019656, 0.933598
0.221757, -0.055049, 0.943179
-0.179287, 0.062939, 0.518119
-0.021388, -0.026393, 0.992875
-0.287625, 0.022501, 0.929833
-0.019571, -0.039682, 0.995054
0.029063, 0.047387, 1.083224
-0.088723, 0.065191, 0.538642
0.078194, 0.061572, 0.883178
-0.246527, -0.013386, 1.028616
-0.168570, 0.038051, 0.980156
-0.242126, -0.029988, 0.970227
0.086508, -0.016012, 1.069187
-0.113379, 0.061061, 0.573156
-0.315304, 0.053328, 0.891651
-0.126166, 0.060320, 0.576883
-0.005756, 0.061559, 0.637977
-0.124772, 0.055725, 0.590201
-0.088594, 0.062611, 0.589194
-0.070877, 0.059270, 0.618005
-0.112796, 0.060460, 0.630400
-0.034691, 0.061568, 0.571879
-0.007691, 0.064382, 0.618817
0.056692, 0.062179, 0.674864
-0.148592, 0.058679, 0.583899
-0.148923, 0.059282, 0.585433
-0.119471, 0.059805, 0.749397
-0.320785, -0.009446, 0.968831
-0.296486, 0.025757, 0.930390
-0.314763, 0.039148, 0.899803
0.011495, 0.062959, 0.643894
-0.258003, -0.028640, 0.967706
-0.038548, 0.060975, 0.736185
-0.042842, 0.067345, 0.643970
0.094888, 0.017458, 1.086035
-0.037279, 0.034722, 0.979784
-0.058898, 0.001051, 0.984618
-0.182219, 0.042462, 0.970248
-0.211539, 0.035139, 0.960883
-0.212062, -0.006040, 0.932380
-0.281781, 0.032175, 0.933124
-0.195616, 0.016943, 0.980703
-0.036493, -0.005542, 1.009543
-0.109361, 0.062442, 0.496553
0.000833, 0.059433, 0.589975
-0.163041, 0.060445, 0.544007
-0.129414, 0.059706, 0.603232
-0.075206, 0.060835, 0.500099
-0.292063, 0.046457, 0.884298
-0.038745, 0.009861, 0.989237
-0.195798, 0.039844, 0.962454
-0.008563, 0.010904, 1.008146
0.003437, 0.061706, 0.533134
-0.069775, 0.063545, 0.493324
-0.106763, 0.062408, 0.563160
-0.065054, 0.064716, 0.516033
0.087333, 0.067922, 0.650683
0.034929, 0.061649, 0.634916
0.236269, -0.059616, 1.023288
-0.074206, 0.062857, 0.559724
-0.126930, 0.059753, 0.538354
-0.156124, 0.059456, 0.570179
-0.000449, -0.069701, 1.031326
-0.034587, -0.097881, 1.028406
-0.242674, 0.015898, 0.956199
-0.009780, -0.115339, 1.038218
-0.001390, -0.032863, 1.014179
0.028221, 0.047978, 1.081102
-0.030423, -0.067102, 1.016511
-0.033425, -0.045737, 1.018766
-0.029338, -0.054707, 1.014125
-0.004545, -0.008310, 1.006532
-0.051631, 0.005599, 1.003643
0.145473, 0.062029, 1.063151
-0.383200, -0.039208, 1.031201
-0.422063, -0.011241, 0.977794
-0.018455, -0.039468, 0.998593
-0.194103, 0.021395, 1.010198
0.103860, -0.027955, 1.058302
-0.039591, 0.034862, 0.984974
-0.396927, -0.014113, 0.969608
-0.224578, 0.033247, 0.947607
0.092703, 0.028509, 1.017659
-0.231689, 0.050100, 0.924192
-0.174369, 0.060294, 0.493513
-0.088345, 0.062914, 0.487157
0.017948, 0.061241, 0.626964
-0.025532, 0.063930, 0.529761
-0.105320, 0.061388, 0.556943
-0.161417, 0.059772, 0.540311
-0.189145, 0.003355, 1.020872
-0.028975, -0.108177, 1.033204
-0.002328, -0.022099, 0.986837
-0.011311, -0.049497, 1.008122
-0.027295, 0.020873, 0.992854
-0.115788, 0.016687, 1.046239
-0.050067, 0.013793, 0.996563
-0.059737, 0.033940, 1.001881
-0.211537, -0.009474, 1.029152
-0.139090, 0.022406, 1.050540
-0.015715, 0.045958, 1.042839
-0.210502, 0.029127, 0.966890
-0.001934, -0.055291, 1.025821
-0.211090, 0.056011, 0.680150
-0.016967, -0.055542, 1.012446
-0.016901, -0.024983, 1.006718
-0.004167, -0.050528, 1.013740
-0.007650, 0.009245, 1.014873
0.011361, 0.060974, 0.708623
-0.010580, -0.029900, 1.007901
0.082640, -0.008118, 1.072417
-0.298898, 0.052325, 0.882239
-0.178103, 0.036791, 0.993879
-0.232413, 0.005406, 0.942526
-0.002096, 0.065872, 0.723387
-0.127282, 0.058274, 0.598267
-0.074554, 0.064380, 0.564153
-0.088112, 0.073962, 0.580127
-0.098752, 0.062222, 0.591449
-0.003770, -0.079238, 1.043642
-0.035889, -0.071907, 1.017112
-0.049962, 0.061715, 0.633750
-0.319581, 0.023082, 0.933223
-0.380899, -0.040996, 1.027574
-0.055000, -0.057828, 1.004621
-0.333412, -0.033827, 1.005666
-0.208291, 0.012397, 0.985063
-0.170840, 0.059693, 0.571608
0.007218, 0.062893, 0.578706
-0.025443, 0.063421, 0.529353
-0.017431, -0.035342, 0.962622
-0.016266, 0.044679, 1.030940
-0.036341, -0.079526, 1.020180
-0.006855, -0.005607, 1.005225
-0.326831, 0.046438, 0.874374
-0.304941, 0.037511, 0.883262
-0.000601, 0.061333, 0.741977
-0.125197, 0.059145, 0.669892
0.005443, -0.091446, 1.040359
-0.405596, -0.025727, 0.995656
-0.277304, 0.051906, 0.885391
0.113179, 0.044955, 1.056385
-0.053878, 0.022309, 0.983753
-0.353533, 0.036949, 0.907937
-0.054519, 0.062713, 0.548548
-0.001818, 0.062748, 0.576858
-0.026976, 0.062091, 0.789324
0.249937, 0.057430, 1.000321
-0.210878, 0.040899, 0.972741
0.022936, 0.057626, 0.646618
-0.020822, -0.073957, 1.019369
0.051979, 0.051827, 1.065019
-0.210878, 0.052781, 0.950859
-0.033627, 0.057564, 0.903655
-0.036607, -0.095861, 1.021965
0.067653, 0.045906, 0.901363
-0.045492, 0.047694, 0.745966
-0.209734, 0.008049, 0.995783
-0.234681, 0.035740, 0.966993
-0.056621, 0.040902, 0.958815
-0.029580, 0.051682, 0.996317
-0.051368, -0.066172, 1.011794
-0.224604, 0.045509, 0.951924
-0.207789, 0.042334, 0.954099
-0.204892, -0.006361, 1.027002
-0.001314, -0.070512, 1.030356
-0.180467, 0.042837, 0.967631
-0.271598, 0.006752, 0.952756
-0.052769, 0.018179, 0.988356
-0.056036, -0.087667, 1.039887
-0.257498, 0.005637, 0.931371
-0.073338, 0.057520, 0.845855
-0.029417, 0.059589, 0.587221
-0.195011, 0.039675, 0.958930
-0.181284, 0.051563, 0.956398
-0.120448, 0.058324, 0.691289
0.170838, -0.043941, 1.063091
0.059421, 0.063298, 0.680789
-0.250795, -0.031249, 0.989809
-0.332838, -0.043058, 1.020707
-0.045197, 0.016781, 0.979881
-0.069271, 0.062627, 0.586571
0.198697, 0.061719, 1.038228
0.026799, 0.063817, 0.777284
-0.146945, 0.059689, 0.558816
-0.264188, 0.048586, 0.871943
-0.041431, -0.082390, 1.018034
-0.024958, -0.030891, 0.984853
0.089805, 0.056643, 0.985294
-0.035948, -0.051983, 1.007811
0.144553, -0.039624, 1.087306
-0.055373, -0.035753, 0.993039
-0.014621, -0.088412, 1.031441
0.001536, -0.043909, 1.039252
-0.172214, 0.060581, 0.702533
-0.080882, 0.062523, 0.612176
-0.047630, 0.026335, 0.956514
0.010765, 0.072455, 0.608897
0.000878, 0.059328, 0.591982
-0.066533, 0.062047, 0.563091
0.030355, 0.065116, 0.604516
-0.193229, 0.032647, 0.962689
-0.020296, -0.047768, 1.007269
-0.017783, -0.078081, 1.016133
-0.185669, 0.028440, 0.981098
-0.049239, -0.072914, 1.005335
-0.025213, 0.063097, 0.619917
0.052895, 0.060194, 0.665937
-0.129579, 0.060085, 0.605370
0.010204, 0.062134, 0.638970
-0.042711, -0.040909, 0.991337
-0.074569, 0.059390, 0.586273
-0.105823, 0.061742, 0.629976
-0.398895, 0.022399, 0.951508
0.095112, 0.017730, 1.084846
-0.034171, 0.057684, 0.904428
-0.052809, -0.014013, 0.994555
0.030927, 0.017631, 1.082380
-0.010985, -0.082769, 1.031759
-0.236525, 0.056816, 0.908700
-0.049701, 0.015920, 0.796619
0.040039, 0.023990, 1.120834
-0.143999, 0.047449, 1.040400
-0.224390, 0.034688, 0.936946
-0.043915, -0.045211, 0.993134
-0.217961, 0.044271, 0.940169
0.083453, 0.020514, 1.008282
-0.046699, -0.046844, 0.993102
-0.203642, 0.007254, 0.972534
-0.093835, 0.059753, 0.829296
0.006698, -0.042010, 1.091108
0.171643, -0.042446, 0.904598
-0.009116, 0.062224, 0.610935
-0.113389, 0.059604, 0.615811
-0.288803, -0.025187, 0.900108
0.037763, 0.056999, 0.925757
-0.217682, 0.046436, 0.951971
-0.313661, 0.043103, 0.884731
-0.006330, 0.061512, 0.675204
0.001233, 0.059660, 0.592964
-0.217386, 0.034156, 0.968750
-0.017830, -0.054582, 1.009554
-0.044561, -0.039983, 0.993752
-0.010539, -0.027061, 0.995611
-0.033090, -0.085162, 1.023086
-0.216925, 0.052237, 0.952567
-0.055810, -0.083695, 1.013880
-0.059458, 0.001736, 0.986790
0.088930, -0.027846, 1.050333
0.005353, -0.050567, 1.018788
-0.383176, 0.021503, 0.929797
-0.049398, -0.078952, 1.015310
0.014713, 0.063069, 0.856385
0.015276, 0.063949, 0.864519
0.020691, 0.051329, 1.060628
-0.040819, -0.054314, 1.002126
-0.190558, 0.054060, 0.958608
-0.165560, 0.048500, 1.035211
0.044691, 0.063024, 0.790362
-0.376185, 0.014136, 0.953275
-0.084107, 0.062431, 0.697420
-0.020723, 0.065196, 0.698871
-0.038020, 0.064535, 0.633571
-0.144986, 0.060262, 0.701936
-0.193911, -0.002428, 1.027235
0.007523, -0.060604, 1.032484
-0.195956, 0.039686, 0.961577
-0.350945, -0.028885, 1.011774
-0.313163, -0.015430, 0.962607
-0.219868, 0.001598, 0.949745
-0.112687, 0.060548, 0.631866
-0.046182, 0.055712, 0.655458
-0.158671, 0.060121, 0.631160
-0.025305, 0.063062, 0.619232
-0.015790, -0.089246, 1.026757
-0.241870, -0.008195, 0.966466
-0.223061, 0.028926, 0.961081
-0.235826, 0.004693, 0.942740
-0.210939, 0.033396, 0.963553
-0.027694, -0.112182, 1.044038
-0.004237, -0.050116, 1.012309
-0.009153, -0.027588, 1.007568
-0.049880, -0.051098, 0.998240
-0.183062, 0.053188, 0.978334
-0.220941, 0.052899, 0.881812
-0.292393, 0.036251, 0.899326
-0.257754, -0.028156, 0.967509
-0.281502, 0.053106, 0.910610
-0.308661, -0.003968, 0.936049
-0.235766, 0.040781, 0.936164
0.102940, -0.029815, 1.069457
-0.090133, 0.061378, 0.662251
-0.061648, 0.061462, 0.627954
-0.144181, 0.059703, 0.699312
-0.131020, 0.057970, 0.661280
-0.389590, -0.021163, 0.999062
0.157103, 0.057301, 0.997359
-0.006476, 0.010595, 1.030131
0.011202, 0.061930, 0.738390
-0.207750, 0.042743, 0.952906
-0.179023, 0.038393, 0.992078
0.066044, 0.018601, 0.963324
-0.038016, -0.004494, 1.005449
0.110719, 0.045258, 1.045976
-0.030221, -0.127729, 1.056836
-0.015963, -0.079865, 1.026797
-0.058517, 0.045636, 1.024295
-0.051269, 0.018222, 0.963416
-0.180741, 0.039821, 0.957388
-0.148411, 0.049526, 1.055734
-0.035949, -0.079390, 1.019394
-0.177381, 0.037925, 0.986457
-0.018958, -0.026165, 0.930370
0.112030, 0.052839, 1.021001
0.081155, -0.025799, 1.028125
-0.128301, 0.052057, 1.072622
0.063538, 0.056612, 0.979145
-0.193779, 0.009852, 1.009573
-0.180023, 0.052209, 0.969129
0.096975, 0.034460, 1.024330
-0.231675, -0.006195, 1.026218
-0.191343, 0.040951, 0.951511
-0.038925, -0.084634, 1.006045
-0.060458, 0.002646, 1.001307
-0.162514, 0.046322, 1.031103
-0.224851, 0.014166, 1.037348
-0.164813, 0.038006, 0.983678
0.065839, 0.054006, 0.996661
-0.032031, -0.042743, 1.004453
-0.243880, -0.013123, 1.023033
-0.038149, -0.089111, 1.019990
-0.043545, -0.067023, 1.015460
-0.000797, -0.009742, 1.040835
-0.010567, -0.079924, 1.024982
-0.043267, -0.091158, 1.051692
-0.290144, 0.005291, 1.010765
-0.035542, -0.074485, 0.918631
-0.279640, 0.054165, 0.879103
-0.060001, 0.036258, 0.980204
-0.121412, 0.048584, 1.037914
-0.046221, 0.032586, 0.994731
-0.038138, -0.134418, 1.049607
-0.143872, 0.058767, 0.697893
0.092485, 0.028648, 1.013832
-0.212444, 0.033463, 0.965599
-0.243482, -0.007229, 1.026975
-0.201382, 0.016306, 0.989553
-0.208725, 0.006807, 0.988759
-0.049450, -0.050991, 0.995622
-0.386116, -0.016152, 0.964518
-0.016823, -0.051559, 1.098959
0.108283, -0.029902, 1.049862
-0.043044, 0.017246, 0.981137
-0.179481, 0.028249, 0.982781
-0.094985, 0.050384, 1.057105
-0.037997, -0.069507, 1.006738
-0.177107, 0.045759, 0.947401
-0.024562, -0.030905, 0.985932
0.080932, -0.017337, 1.047191
-0.012727, -0.034981, 0.970843
-0.014037, -0.040186, 0.996248
-0.020494, 0.022277, 0.977165
-0.033397, -0.072556, 1.022615
0.004646, -0.040932, 1.034752
0.007577, 0.053171, 1.063863
-0.207348, -0.010619, 1.027309
0.082008, -0.024513, 1.043999
-0.061167, 0.000938, 0.754946
-0.020205, -0.026197, 0.998526
0.015441, -0.088068, 1.223546
-0.123686, 0.048515, 1.044523
-0.003071, -0.051645, 1.020960
-0.033186, -0.123338, 1.045067
0.097025, 0.052993, 1.070685
-0.020265, 0.023253, 0.996311
0.104029, -0.027967, 1.056066
-0.030722, -0.123894, 1.047224
-0.128306, 0.048738, 1.044555
-0.181543, 0.033483, 0.980164
-0.213294, 0.045446, 0.943777
-0.029656, -0.031391, 0.988487
-0.182931, 0.052110, 0.956485
0.087041, 0.017966, 1.057857
-0.016525, -0.024184, 0.937738
-0.060003, 0.039977, 1.005705
0.059668, 0.058973, 0.853516
-0.018856, -0.040224, 1.000875
0.267144, -0.064111, 1.319287
-0.248654, -0.033097, 0.985446
-0.200502, 0.040843, 0.951723
-0.037618, 0.005531, 0.984388
-0.230812, 0.049978, 0.922184
-0.089638, 0.054065, 0.751046
-0.198107, 0.016784, 0.987460
-0.016872, -0.083341, 1.036856
-0.031901, -0.042105, 0.999055
-0.018328, -0.081823, 1.024483
-0.180063, 0.044286, 0.983168
0.092502, 0.022696, 1.031620
-0.185750, 0.053639, 0.950897
-0.219258, 0.052010, 0.959454
-0.192253, 0.009687, 1.001590
-0.243808, -0.007735, 0.969229
-0.216312, 0.002243, 0.941880
-0.055805, -0.056000, 1.008809
0.015611, 0.060832, 0.831875
-0.007876, 0.005564, 0.989974
-0.009619, -0.088729, 1.029433
-0.211367, 0.042735, 0.944647
-0.050872, -0.063949, 0.991388
-0.009405, 0.011357, 1.003691
-0.033582, 0.056719, 0.901727
-0.179976, 0.044288, 0.982908
0.115357, 0.046246, 1.060670
-0.240407, -0.012169, 1.019555
-0.229898, 0.053752, 0.944220
-0.247689, 0.010764, 0.949037
-0.099918, 0.058350, 0.821559
0.098714, 0.024347, 1.048048
-0.020519, -0.027976, 0.844277
-0.036067, -0.098327, 1.030674
-0.049640, -0.064869, 0.993718
-0.050776, -0.090095, 1.049940
-0.029551, -0.063743, 1.007017
-0.125775, 0.050191, 1.054917
-0.192321, 0.037702, 0.957756
-0.050633, -0.108877, 1.037269
0.037475, 0.057080, 0.925367
0.026444, 0.018744, 1.042658
-0.222063, 0.034210, 0.932976
-0.180074, 0.033047, 0.977175
-0.020703, -0.064942, 1.013944
-0.014731, -0.102681, 1.031896
-0.037561, 0.054187, 1.011276
-0.048448, 0.018879, 0.987269
-0.180306, 0.040452, 0.968372
-0.188187, 0.046903, 0.953888
-0.227443, 0.053413, 0.941636
-0.207674, 0.033248, 0.944819
0.120995, 0.054251, 1.066662
-0.203438, 0.016098, 0.994154
0.104263, 0.059901, 0.988077
-0.042607, -0.075427, 1.016757
-0.008040, -0.085266, 1.048817
0.041633, 0.057855, 0.986483
-0.197412, 0.017733, 0.980229
-0.115754, 0.016759, 1.048448
-0.012149, -0.002396, 0.768457
0.089444, 0.042605, 1.000268
0.060531, 0.056432, 0.910397
-0.014385, -0.043933, 1.016255
-0.055270, -0.035229, 0.992459
-0.038419, -0.004682, 1.008811
-0.029562, -0.045706, 0.984241
0.078074, -0.008077, 1.056779
-0.016476, -0.024095, 1.006586
-0.011376, -0.032384, 1.014937
-0.002294, -0.054407, 1.028740
-0.193652, 0.032450, 0.962816
-0.036610, -0.007630, 1.011277
0.092858, 0.022384, 1.032687
-0.656455, 0.189430, 1.973084
0.025298, 0.052636, 1.069294
-0.036322, -0.050746, 0.999286
-0.037762, -0.067807, 1.001588
-0.194760, 0.017244, 0.975821
-0.178708, 0.027682, 0.980852
-0.233624, -0.001718, 1.048221
-0.202944, 0.012239, 0.983501
-0.015669, 0.060488, 0.959438
0.089768, 0.059906, 1.016550
-0.065874, 0.055279, 1.010988
-0.038495, -0.087872, 1.016297
0.090567, 0.019190, 1.070409
0.104633, 0.052550, 1.031308
-0.169460, 0.031759, 0.955696
-0.036250, -0.061011, 0.995110
-0.013882, 0.048671, 1.069784
-0.019289, -0.040720, 1.001803
-0.226375, -0.020289, 1.024763
-0.021035, -0.046195, 0.999854
-0.055259, -0.036960, 0.999079
-0.033576, 0.034356, 0.983444
