0.276384, -0.023591, 0.462860
0.287275, 0.020508, 0.433719
0.165711, 0.031150, 0.480561
0.312323, 0.039956, 0.390669
0.300602, -0.000819, 0.405287
0.351892, 0.049234, 0.425479
0.305795, -0.029696, 0.436819
0.300722, -0.037861, 0.465198
0.216609, 0.006960, 0.494381
0.180964, 0.021829, 0.501598
0.362851, -0.036541, 0.389216
0.352973, -0.037588, 0.333289
0.366057, -0.056658, 0.351087
0.309604, -0.001569, 0.327814
0.273784, 0.013253, 0.399366
0.346412, -0.015555, 0.405790
0.302422, -0.025243, 0.417031
0.307664, -0.011339, 0.419463
0.381845, 0.013405, 0.457998
0.363420, -0.054761, 0.354600
0.213886, 0.019527, 0.461876
0.299775, -0.009521, 0.417662
0.291130, -0.012112, 0.453935
0.345325, -0.052877, 0.409798
0.207672, 0.006210, 0.464766
0.308095, 0.040539, 0.390563
0.362398, -0.080135, 0.302381
0.351283, -0.053515, 0.412996
0.319696, -0.012140, 0.409725
0.199156, 0.004579, 0.460645
0.355080, -0.067484, 0.385705
0.316334, -0.040360, 0.417039
0.354738, -0.029639, 0.369035
0.300437, -0.025045, 0.416132
0.307068, 0.034104, 0.364408
0.360269, -0.075764, 0.405276
0.363350, -0.033254, 0.378772
0.335146, -0.042862, 0.440618
0.234238, 0.021634, 0.511226
0.306855, 0.069326, 0.438797
0.315503, -0.030341, 0.453398
0.302588, -0.033642, 0.480415
0.294909, 0.009514, 0.411378
0.294716, 0.012796, 0.433751
0.318759, -0.042588, 0.418376
0.347587, -0.053184, 0.408650
0.337266, -0.048241, 0.409669
0.330719, -0.048790, 0.422370
0.467209, 0.046326, 0.452372
0.353516, -0.029180, 0.399978
0.303803, -0.043135, 0.480095
0.350174, -0.020779, 0.416040
0.366127, -0.022099, 0.378620
0.339596, -0.015841, 0.351694
0.356536, -0.049391, 0.433242
0.356364, -0.030451, 0.374459
0.295932, -0.027016, 0.422806
0.363757, -0.047630, 0.351838
0.320372, 0.000697, 0.322151
0.357214, -0.081806, 0.248689
0.358484, -0.048105, 0.301811
0.286393, -0.021699, 0.434893
0.307219, -0.013630, 0.218372
0.367041, -0.114176, 0.156496
0.361343, -0.053568, 0.282953
0.352520, -0.029129, 0.400166
0.350733, -0.028786, 0.399951
0.304610, -0.034800, 0.413833
0.368665, -0.093433, 0.246527
0.363132, -0.098649, 0.167390
0.355084, -0.067619, 0.322417
0.322986, -0.015295, 0.339153
0.354309, -0.048602, 0.338111
0.312311, -0.019776, 0.224332
0.318214, -0.027486, 0.226039
0.346983, -0.053662, 0.409782
0.300205, -0.000488, 0.469831
0.300538, -0.024272, 0.411891
0.361683, -0.039960, 0.412298
0.313707, -0.057482, 0.491709
0.345807, -0.047335, 0.398355
0.300003, -0.029088, 0.413308
0.345396, -0.076177, 0.409329
0.349626, -0.028140, 0.374357
0.351772, -0.060426, 0.351704
0.333816, -0.008258, 0.356614
0.305434, -0.026662, 0.412493
0.306722, 0.002928, 0.405380
0.347101, -0.052880, 0.407917
0.196860, 0.027264, 0.473702
0.355621, -0.073193, 0.404326
0.324173, 0.085993, 0.439200
0.344379, -0.019749, 0.400917
0.347628, -0.031200, 0.398237
0.310106, -0.002709, 0.406605
0.306128, 0.012671, 0.397008
0.355270, -0.076381, 0.396244
0.305452, -0.012602, 0.448626
0.302376, -0.030241, 0.412693
0.300356, 0.036380, 0.459565
0.343717, -0.041000, 0.411615
0.348853, -0.026294, 0.403463
0.350728, -0.020886, 0.407455
0.361191, -0.084989, 0.424864
0.299966, -0.018854, 0.437664
0.299746, 0.012241, 0.410886
0.312115, 0.000239, 0.407118
0.326403, -0.062709, 0.411694
0.208750, 0.015563, 0.461947
0.316290, -0.015919, 0.410691
0.352592, -0.033175, 0.406721
0.039449, -0.214032, -0.385513
0.303845, 0.004796, 0.437493
0.188632, 0.031185, 0.465145
0.401268, 0.036688, 0.416003
0.298399, -0.007651, 0.417011
0.183138, 0.027691, 0.460406
0.380571, -0.096736, 0.176744
0.380308, -0.087557, 0.157678
0.411708, -0.248978, -0.151774
-0.214065, -0.040527, -0.231900
-0.061768, -0.007153, -0.112788
0.322820, -0.089643, 0.076786
0.272162, -0.033511, -0.126380
0.289837, -0.314344, -0.299896
0.287549, -0.063028, -0.087828
0.264667, -0.038556, -0.051697
0.263382, -0.044874, -0.092877
0.351523, -0.028632, 0.297583
0.297380, 0.005701, 0.330194
0.306597, 0.006343, 0.384271
0.365260, -0.082873, 0.293191
0.353305, -0.064419, 0.311237
0.364418, -0.098362, 0.211915
0.320814, -0.013527, 0.340101
0.359005, -0.048343, 0.290718
0.359001, -0.044505, 0.333371
0.323754, -0.014252, 0.339840
0.351913, -0.037585, 0.257870
0.353773, -0.073010, 0.271188
0.362410, -0.055426, 0.275196
0.313971, 0.021393, 0.317051
0.295977, 0.011972, 0.259909
0.357950, -0.043623, 0.332387
0.324560, 0.020017, 0.320316
0.343968, -0.073445, 0.271831
0.352247, -0.037323, 0.331185
0.357500, -0.089067, 0.209091
0.351991, -0.081964, 0.223720
0.363933, -0.103341, 0.203751
0.364470, -0.100274, 0.205625
0.336440, -0.043508, 0.245456
0.481666, -0.115083, 0.453673
0.350368, -0.051963, 0.405509
0.320926, -0.004357, 0.358028
0.357134, -0.064075, 0.351948
0.351046, -0.026620, 0.389728
0.303472, -0.031386, 0.423358
0.348746, -0.032378, 0.336923
0.361622, -0.082450, 0.310614
0.367725, -0.106984, 0.196901
0.361822, -0.038109, 0.280220
0.320263, -0.009495, 0.339483
0.361608, -0.054737, 0.275867
0.354850, -0.039582, 0.307140
-0.094038, 0.018315, -0.087174
-0.033322, 0.039119, 0.005179
-0.047326, 0.028813, 0.010249
-0.048190, 0.043250, 0.003688
0.238341, -0.086208, -0.171388
0.060010, -0.274832, -0.332265
0.286225, -0.491018, -0.848322
0.354260, -0.067182, 0.391908
0.359123, -0.077027, 0.307759
0.356200, -0.064338, 0.310509
0.304031, -0.026213, 0.412075
0.354439, -0.062297, 0.400538
0.357257, -0.078204, 0.273581
0.351125, -0.050676, 0.399395
0.356819, -0.047601, 0.296944
0.366537, -0.055311, 0.273164
0.355537, -0.046745, 0.271331
0.362706, -0.086946, 0.288672
0.354195, -0.064591, 0.344121
0.347925, -0.016923, 0.406406
0.305150, 0.027371, 0.394286
0.362079, -0.040964, 0.343605
0.313256, 0.038420, 0.392341
0.319006, 0.020148, 0.318441
0.321984, -0.008851, 0.349950
0.349591, -0.024373, 0.386950
0.362787, -0.076612, 0.293636
0.298537, -0.021209, 0.437484
0.292597, -0.253774, -0.292270
0.240224, -0.122964, -0.109535
0.203816, -0.188275, -0.092268
0.236768, -0.133672, -0.138380
0.306090, 0.006426, 0.384193
0.307661, 0.010713, 0.397872
0.328727, -0.016438, 0.343665
0.363923, -0.044866, 0.332569
0.361559, -0.146301, -0.266447
0.339319, -0.132303, -0.272772
0.338401, -0.130733, -0.197460
0.302578, 0.008903, 0.249052
0.328163, -0.069902, 0.125543
0.284588, -0.304959, -0.302115
0.359304, -0.048774, 0.301280
0.359935, -0.047995, 0.306127
0.342714, -0.045696, 0.397511
0.319821, -0.018548, 0.294034
0.304607, -0.031327, 0.413139
0.297141, -0.023087, 0.409915
0.365158, -0.069985, 0.341811
0.361656, -0.050816, 0.295298
0.346189, -0.037010, 0.319486
0.354456, -0.071196, 0.299989
0.366035, -0.035276, 0.287881
0.357240, -0.076393, 0.288006
0.368709, -0.052226, 0.312611
0.371173, -0.094438, 0.344817
0.352998, -0.067853, 0.312397
0.308404, -0.011995, 0.340048
0.356307, -0.028908, 0.404929
0.344005, -0.045056, 0.404636
0.310305, 0.003999, 0.371987
0.347461, -0.059120, 0.345400
0.352562, -0.036559, 0.335333
0.346160, -0.055455, 0.344648
0.362720, -0.082362, 0.309670
0.363258, -0.085113, 0.301249
0.368738, -0.065841, 0.313499
0.358501, -0.046216, 0.311706
0.355825, -0.064612, 0.310317
0.315529, 0.021328, 0.320276
0.352082, -0.041474, 0.307901
0.313566, 0.008553, 0.324244
0.339885, -0.050855, 0.345935
0.321386, -0.003235, 0.252121
0.325952, -0.042846, 0.165080
0.356845, -0.034293, 0.354341
0.225519, 0.037760, 0.347134
0.325503, -0.015773, 0.344525
0.323711, -0.015027, 0.345036
0.309133, -0.002234, 0.353378
0.348060, -0.062696, 0.340349
0.347549, -0.081861, 0.347170
0.337338, -0.073797, 0.358736
0.370167, -0.108436, 0.214247
0.321259, -0.026097, 0.255895
0.360798, -0.097956, 0.158860
0.324316, -0.015377, 0.344949
0.361769, -0.033268, 0.373940
0.349286, -0.029555, 0.094708
0.190008, -0.302170, -0.331848
0.369969, -0.061221, 0.286337
0.368549, -0.096553, 0.252000
0.355716, -0.072854, 0.274535
0.351053, -0.017074, 0.354672
0.355295, -0.038604, 0.339306
0.318607, 0.023699, 0.329107
0.356780, -0.068898, 0.316565
0.359341, -0.047528, 0.306266
0.360153, -0.049898, 0.331463
0.358671, -0.045605, 0.316671
0.304069, 0.045464, 0.420351
0.325922, 0.043805, 0.396861
-0.253814, -0.193522, -0.305392
0.341968, -0.112750, -0.223828
0.351149, -0.044845, 0.338527
0.357038, -0.025511, 0.405842
0.354909, -0.026173, 0.374484
0.305219, 0.013393, 0.414546
0.311488, 0.018323, 0.419851
0.361042, -0.075239, 0.310904
0.300870, -0.029383, 0.412482
0.308744, -0.006453, 0.312175
0.360096, -0.047147, 0.295521
0.356347, -0.060518, 0.363402
0.351579, -0.027312, 0.404335
0.361974, -0.045459, 0.331512
0.361023, -0.053391, 0.280608
0.329375, -0.000467, 0.076291
0.326428, -0.036681, 0.182405
0.359716, -0.089517, 0.212769
0.318229, -0.093392, 0.146981
0.316997, -0.013925, 0.291228
0.329452, 0.000711, 0.219340
0.325182, 0.011297, 0.246703
0.325307, -0.010424, 0.347073
0.357102, -0.043237, 0.310219
0.350743, -0.051292, 0.404946
0.368201, -0.058462, 0.346475
0.357006, -0.034523, 0.277763
0.363441, -0.053051, 0.289104
0.324422, -0.018083, 0.336263
0.311929, 0.014315, 0.397958
0.359560, -0.047813, 0.306170
-0.088575, -0.047755, -0.197452
-0.226843, -0.078759, -0.258478
-0.478133, -0.191141, -0.352771
-0.299580, -0.183473, -0.239293
-0.166724, -0.022658, -0.214499
-0.325144, -0.161919, -0.130174
-0.507527, -0.056692, -0.280867
0.309302, -0.008387, 0.407726
0.359177, -0.045558, 0.316519
0.321836, -0.016876, 0.336415
0.367268, -0.022663, 0.392518
0.335632, -0.014169, 0.352366
0.041114, -0.275415, -0.368131
0.374202, -0.311863, -0.242061
0.234089, -0.117983, -0.160841
0.355813, -0.030002, 0.295230
0.338900, 0.043022, 0.398881
0.305333, 0.003542, 0.404480
0.331177, -0.015271, 0.336060
0.361368, -0.092447, 0.298556
0.295182, 0.030773, 0.350786
0.345442, -0.044605, 0.408563
0.256854, 0.037447, 0.362639
0.345649, -0.030235, 0.398197
0.356564, -0.069104, 0.389352
0.362063, -0.048692, 0.351175
0.331936, -0.020701, 0.342304
0.349857, -0.056667, 0.363950
0.294919, -0.034773, 0.413275
0.349162, -0.031239, 0.389818
0.300129, -0.025023, 0.416367
0.348447, -0.023647, 0.374077
0.370025, -0.034304, 0.368770
0.224623, -0.223946, -0.187688
0.317682, -0.002452, 0.019417
0.264008, -0.064244, -0.063882
0.194345, -0.024975, -0.055085
0.316050, -0.024367, 0.424662
0.325224, -0.015639, 0.344512
0.349318, -0.057581, 0.341192
0.311958, -0.022715, 0.419920
0.361368, -0.051853, 0.290053
0.361267, -0.085831, 0.290574
0.364397, -0.085978, 0.295978
0.366799, -0.040601, 0.276412
0.347319, -0.025953, 0.299433
0.366394, -0.098902, 0.259400
0.362648, -0.055608, 0.275038
0.357038, -0.014216, 0.395614
0.324062, -0.008363, 0.409370
0.301341, -0.029643, 0.412050
0.328896, 0.023234, 0.329203
0.311231, -0.004159, 0.415250
0.304792, 0.024088, 0.395104
0.303185, 0.010997, 0.452035
0.353205, -0.049854, 0.379018
0.346214, 0.021035, 0.329813
0.306243, 0.002940, 0.367332
0.300221, -0.019439, 0.448197
0.297983, 0.019407, 0.408340
0.297487, 0.020183, 0.437104
0.350809, -0.032757, 0.338695
0.357620, -0.074482, 0.303433
0.313403, 0.022302, 0.322491
0.252317, 0.036683, 0.356399
0.284354, 0.025181, 0.319711
0.357210, -0.048738, 0.297088
0.371633, -0.042093, 0.307757
0.340271, -0.013523, 0.348849
0.363118, -0.046911, 0.333334
0.348265, -0.027420, 0.406268
0.340920, -0.035104, 0.324034
-0.060673, -0.195128, -0.348822
0.215602, -0.112195, -0.215821
-0.015519, -0.256112, -0.431589
0.307461, -0.128247, -0.269659
0.348190, -0.110388, -0.273200
0.350910, -0.064427, 0.336385
0.276517, -0.035123, 0.466091
0.353283, -0.063539, 0.335240
0.340075, -0.149863, -0.021154
0.375209, -0.144252, 0.149769
0.263146, 0.027590, 0.319224
0.359639, -0.046060, 0.316462
0.361846, -0.068925, 0.308735
0.303839, -0.016999, 0.422790
0.305285, 0.008171, 0.413521
0.312413, 0.022539, 0.321645
0.003199, -0.231697, -0.364861
0.375993, -0.067619, 0.252732
0.372729, -0.069880, 0.275412
0.317746, 0.009397, 0.254685
0.357313, -0.075120, 0.288847
0.298572, 0.010033, 0.440590
-0.374355, -0.172162, -0.452866
0.222006, -0.293290, -0.303154
0.333877, -0.109857, 0.034153
0.379743, -0.131447, 0.124145
0.379807, -0.087391, 0.157834
0.368760, -0.102295, 0.182236
0.353521, -0.044772, 0.338452
0.361037, -0.081042, 0.345304
0.361018, -0.050514, 0.295686
0.345038, -0.019329, 0.402862
0.337151, -0.010294, 0.357209
0.317531, -0.001750, 0.385229
0.306306, -0.032273, 0.413089
0.363034, -0.049586, 0.304954
0.356759, -0.074031, 0.299697
0.310096, 0.005621, 0.405447
0.232702, 0.044231, 0.377942
0.337134, -0.014770, 0.352346
0.349107, -0.063254, 0.339999
0.308737, 0.056639, 0.441981
0.359701, -0.043927, 0.310693
0.359114, -0.016290, 0.393538
0.358351, -0.042323, 0.321333
0.376078, -0.067730, 0.233467
0.347169, -0.034290, 0.340438
0.304837, -0.026570, 0.415926
0.302220, -0.009691, 0.414828
0.362893, -0.085030, 0.297057
0.355871, -0.048897, 0.270499
0.325065, -0.013699, 0.339051
0.356678, -0.047762, 0.302225
0.309476, 0.005619, 0.377215
0.355545, -0.039988, 0.307330
0.333485, -0.057237, 0.395213
0.318762, 0.026869, 0.343176
0.319024, 0.013037, 0.398921
0.325452, -0.016629, 0.338968
0.333217, 0.000419, 0.173921
0.355440, -0.068351, 0.366278
0.348161, -0.067831, 0.304060
0.361998, -0.052380, 0.289863
0.301807, 0.012407, 0.407435
0.303596, -0.031860, 0.438848
0.204449, -0.030832, -0.077631
0.367550, -0.155208, -0.237517
0.282951, -0.071189, -0.194631
0.329723, -0.010398, -0.004166
0.360294, -0.050745, 0.282923
0.358793, -0.083609, 0.357179
0.303523, 0.030846, 0.354147
0.355247, -0.040176, 0.322601
0.300004, -0.024757, 0.423652
0.338609, -0.029787, -0.086267
0.282757, -0.092240, -0.161922
0.299189, 0.045524, 0.419119
0.348114, -0.062771, 0.340100
0.370746, -0.069947, 0.290777
0.355910, -0.012340, 0.405938
0.366186, -0.053061, 0.353495
0.315457, 0.030708, 0.319564
-0.209437, -0.212837, -0.277677
0.094344, -0.016387, -0.178820
-0.032602, -0.146361, -0.343184
0.380891, -0.091386, 0.157808
0.369551, -0.116970, -0.260795
0.266836, -0.070678, -0.061230
0.213660, -0.128262, -0.109867
0.255592, -0.007842, -0.043686
0.324890, -0.035631, 0.210673
0.368694, -0.097391, 0.217231
-0.090868, -0.067983, -0.313860
-0.117817, -0.021833, -0.317769
-0.130598, -0.022646, -0.331164
0.254461, -0.031548, -0.041062
0.255382, -0.006254, -0.032250
0.321965, -0.027701, 0.250950
0.369092, -0.105133, 0.165686
0.338852, -0.097000, -0.002621
0.340738, -0.028918, 0.009846
0.350064, -0.140260, -0.251390
-0.130821, -0.016277, -0.136490
-0.127151, 0.020828, -0.149996
-0.117988, -0.140986, -0.240276
-0.155983, -0.012036, -0.283157
0.328541, -0.014764, 0.343461
0.323788, 0.003818, 0.247032
0.371673, -0.053060, 0.327772
0.355375, -0.038339, 0.332495
0.354933, -0.089945, 0.183639
0.340541, -0.027311, 0.292871
0.362930, -0.085507, 0.297221
0.235360, -0.128368, -0.157973
0.235338, -0.090984, -0.192430
0.318808, -0.019656, 0.256740
0.349933, -0.066888, 0.164539
0.349675, -0.080469, 0.225778
0.354182, -0.034492, 0.337859
0.323749, 0.019818, 0.316658
0.329225, -0.013877, 0.338173
0.364644, -0.053919, 0.288734
0.315608, -0.024995, 0.230438
0.185741, -0.117741, -0.145492
0.016449, -0.221937, -0.341312
0.009271, -0.233319, -0.355367
-0.058702, -0.158570, -0.339760
0.364030, -0.096518, 0.196027
0.329771, -0.020729, 0.334067
0.362075, -0.103079, 0.210694
0.380507, -0.072599, 0.249017
0.325168, 0.014324, 0.246580
0.319241, 0.002166, 0.254465
0.320691, 0.017874, 0.251222
0.355991, -0.041312, 0.301386
0.367111, -0.105762, 0.215462
0.349502, -0.030485, 0.298336
0.352338, -0.064647, 0.306943
0.303319, -0.213986, -0.306892
0.319883, -0.099066, -0.377203
0.319695, -0.006388, 0.254218
0.205673, -0.211810, -0.135532
0.312396, -0.031129, -0.102144
0.364775, -0.089157, 0.262075
0.333683, 0.004097, 0.249423
0.361917, -0.091819, 0.207176
0.310633, -0.017748, 0.223105
0.339673, -0.081650, 0.090021
0.343622, -0.155669, -0.259859
0.326624, -0.089377, 0.054003
0.324690, -0.029459, 0.254659
0.321452, -0.017233, -0.040775
0.194976, -0.112004, -0.061785
0.223219, -0.024310, -0.091346
0.343144, -0.144365, -0.217307
0.323282, 0.004889, 0.250696
0.373765, -0.005377, 0.225529
0.359368, -0.080337, 0.241554
0.345658, -0.062227, 0.317149
0.352095, -0.068883, 0.302789
0.328551, 0.008510, 0.266242
0.358290, -0.050679, 0.331759
0.311688, -0.006859, 0.326159
0.238991, -0.121269, -0.154470
0.198591, -0.053544, -0.231591
0.187803, -0.242276, -0.318760
0.227989, -0.018527, -0.023792
0.359969, -0.089916, 0.206498
0.316445, -0.014761, 0.338101
0.357236, -0.074825, 0.289233
0.312278, -0.003436, 0.326818
0.316921, 0.020961, 0.322278
0.360915, -0.052467, 0.285271
0.360528, -0.037812, 0.281242
0.345764, -0.029011, 0.388641
0.280741, 0.024027, 0.313677
0.307448, 0.003960, 0.369895
0.356239, -0.033023, 0.360650
0.358492, -0.035887, 0.289504
0.370209, -0.070638, 0.280203
0.376267, -0.053068, 0.248627
0.368431, -0.087483, 0.309742
0.352304, -0.033843, 0.336018
0.327114, -0.014597, 0.338640
0.354336, -0.031280, 0.388282
0.356317, -0.074424, 0.288161
0.353148, -0.033483, 0.269244
0.362193, -0.055343, 0.275210
0.317034, 0.024238, 0.320159
0.369081, -0.041651, 0.275946
0.361461, -0.081463, 0.274519
0.326305, -0.011308, 0.333578
0.361851, -0.054265, 0.279960
0.365214, -0.098835, 0.263705
0.366109, -0.089362, 0.261114
0.368180, -0.091664, 0.285518
0.363488, -0.080586, 0.301888
0.353741, -0.050589, 0.381617
0.358080, -0.032554, 0.280775
0.315011, -0.001541, 0.351820
0.331879, -0.016570, 0.342682
0.288687, 0.043309, 0.397459
0.319132, -0.007830, 0.348286
0.357745, -0.065671, 0.364907
0.364786, -0.019276, 0.375313
0.355108, -0.069432, 0.384773
-0.099758, -0.013147, -0.008804
0.310272, 0.024154, 0.327453
0.327307, -0.002797, 0.184924
0.246459, -0.112548, -0.110778
0.333223, 0.013518, 0.290292
0.353220, -0.037540, 0.334609
0.331025, 0.038955, 0.392905
0.361147, -0.049091, 0.289811
0.382502, -0.015118, 0.418507
0.354057, -0.034540, 0.348353
0.325679, -0.018442, 0.334973
0.352945, -0.049117, 0.380007
0.355146, -0.069568, 0.377409
0.307562, -0.026643, 0.424596
0.327001, -0.090183, 0.052970
0.233503, -0.215488, -0.101391
0.358126, -0.217963, -0.107323
0.323115, -0.032432, 0.215633
0.280227, 0.002737, 0.019083
0.321198, -0.026008, 0.256470
0.307716, -0.014279, 0.212938
0.373768, -0.071618, 0.251026
0.369006, -0.066970, 0.303915
0.283249, 0.033721, 0.351808
0.351971, -0.039038, 0.260491
0.338158, -0.049605, 0.236626
0.336259, -0.046542, 0.242821
0.339209, -0.034752, 0.245794
0.376809, -0.051911, 0.243795
0.360931, -0.053190, 0.285096
0.305866, 0.021433, 0.313422
0.364220, -0.092913, 0.262918
0.359894, -0.051764, 0.334938
-0.160724, -0.032079, -0.247699
0.363776, -0.092028, 0.263277
0.358820, -0.044318, 0.334903
0.356863, -0.033783, 0.285300
0.357655, -0.040027, 0.305649
0.359223, -0.047527, 0.332566
0.396482, -0.038725, 0.408168
0.239874, -0.196977, -0.190990
0.331399, -0.052596, 0.122806
0.201929, -0.025345, -0.061205
0.230716, -0.019994, -0.033848
0.327547, -0.031148, 0.071216
0.366335, -0.090914, 0.250991
0.316392, -0.026678, 0.223160
0.327268, -0.020530, 0.245902
0.314040, 0.001322, 0.218998
0.305459, -0.032455, 0.421097
0.311684, 0.023820, 0.325699
0.335766, 0.000156, 0.052590
0.305553, -0.003164, 0.271568
0.346529, -0.001710, 0.065989
0.255303, 0.029816, 0.294098
0.340118, -0.016310, 0.104294
0.385048, -0.028438, 0.111439
0.361217, -0.044404, 0.316245
0.362139, -0.053270, 0.288974
0.351864, -0.029277, 0.297386
0.358400, -0.078823, 0.271073
0.320029, -0.013223, 0.340396
0.328177, -0.011769, 0.333223
0.348652, -0.059110, 0.345509
0.349741, -0.064365, 0.385297
0.365762, -0.069236, 0.351403
0.362568, -0.036511, 0.285650
0.273355, -0.039028, -0.112514
0.362198, -0.054510, 0.279634
0.365876, -0.078750, 0.330295
0.371819, -0.065410, 0.280046
0.362903, -0.080178, 0.301908
0.347488, -0.031353, 0.397902
0.362697, -0.054814, 0.279517
0.362123, -0.050360, 0.300216
0.354108, -0.032956, 0.281314
0.361728, -0.102294, 0.273605
-0.094458, 0.007462, -0.132716
0.317713, -0.022450, 0.265621
0.335815, -0.183128, -0.018240
0.336121, -0.053709, 0.090729
0.371128, -0.161695, -0.253561
0.327679, -0.088122, 0.059705
-0.024583, -0.196018, -0.328262
0.322841, -0.003283, 0.017026
0.337800, -0.000856, 0.046247
0.358816, -0.076410, 0.286748
0.377315, -0.024507, 0.141112
0.318384, -0.003360, 0.255811
0.341013, -0.011230, 0.102339
0.363559, -0.322320, -0.262140
0.363783, -0.104983, 0.209550
0.312044, -0.004578, 0.335901
0.370093, -0.106870, 0.188667
0.363239, -0.105559, 0.210179
0.364491, -0.097642, 0.211945
0.364000, -0.081052, 0.292504
0.319287, 0.008934, 0.254111
0.359188, -0.086935, 0.207041
0.364035, -0.097600, 0.212681
0.339341, -0.030148, 0.274863
0.294358, -0.265417, -0.312726
0.333947, 0.006923, 0.261246
0.325775, -0.029961, 0.250101
0.006404, -0.260262, -0.345814
0.394474, -0.081180, -0.276884
0.282136, 0.022663, 0.308206
0.352193, -0.045221, 0.273231
0.361748, -0.069688, -0.268858
0.325837, -0.038609, 0.078531
0.329485, -0.039715, 0.196069
0.324929, -0.010224, 0.347040
0.357578, -0.098051, 0.221968
0.359589, -0.051283, 0.278657
0.368491, -0.041671, 0.276058
0.372172, -0.070403, 0.252348
0.250962, 0.013723, 0.395622
0.366609, -0.095624, 0.262140
0.358788, -0.047001, 0.297880
0.370663, -0.107649, 0.164547
0.350836, -0.100337, 0.173647
0.319026, -0.029742, 0.221977
0.364661, -0.091222, 0.178437
0.333368, -0.107268, 0.105056
0.344027, -0.026573, 0.337267
0.376917, -0.036935, 0.407717
0.333206, -0.055185, 0.117733
0.370627, -0.109483, 0.162643
0.349084, -0.067778, 0.298769
0.305803, 0.000848, 0.354137
0.367433, -0.097408, 0.220074
0.277683, 0.035060, 0.356100
0.019092, 0.013386, 0.002549
0.221170, -0.119904, -0.113270
0.202854, -0.087020, -0.093043
0.366080, -0.083847, 0.293023
0.356181, -0.066451, 0.169468
0.368982, -0.107502, 0.150390
0.365323, -0.106387, 0.159548
0.362840, -0.098350, 0.207474
0.359749, -0.080097, 0.269540
0.375669, -0.068274, 0.253697
0.220418, -0.009119, -0.079221
0.230584, 0.008010, 0.003904
0.312831, -0.018307, 0.177486
0.316596, -0.026587, 0.219619
0.367497, -0.102702, 0.138976
0.381638, -0.095594, 0.162444
0.318185, -0.023318, 0.260317
0.364153, -0.094319, 0.210512
0.341600, -0.036289, -0.031140
0.347917, -0.002669, 0.061719
0.312359, -0.002137, 0.019609
0.337083, -0.026756, 0.111758
0.350024, -0.003138, 0.055795
-0.650708, -0.122102, 0.263376
-0.266185, 0.100614, 0.122590
0.333061, 0.003916, 0.064252
0.353666, -0.074290, 0.274580
0.320007, -0.028301, 0.229688
0.327501, -0.043545, 0.175105
0.363342, -0.103749, 0.157585
0.323172, 0.012941, 0.248974
0.327059, -0.037347, 0.257600
0.318307, 0.015178, 0.290795
0.369279, -0.098110, 0.247646
0.344992, -0.029799, 0.340224
0.313723, -0.002729, 0.010924
0.349074, -0.061311, 0.077305
0.346859, -0.042502, 0.334198
0.352321, -0.063689, 0.273472
0.361746, -0.066843, 0.364304
0.355818, -0.050836, 0.270571
0.361337, -0.078941, 0.293995
0.357586, -0.050066, 0.276535
0.204979, -0.230614, -0.263802
0.219681, -0.267288, -0.139955
0.221357, -0.129671, -0.146728
0.363910, -0.037479, 0.276574
0.364143, -0.051753, 0.283184
0.358705, -0.082025, 0.303091
0.210850, 0.043925, 0.370242
0.234217, -0.117346, -0.103053
0.289226, -0.318546, -0.306820
0.356748, -0.075615, 0.281650
0.372964, -0.051641, 0.251111
0.367313, -0.092777, 0.247885
0.367676, -0.092847, 0.247545
0.320497, -0.020582, 0.254863
0.357994, -0.086694, 0.220194
0.362705, -0.036944, 0.286344
0.360029, -0.044059, 0.317024
0.366995, -0.099998, 0.263080
0.361850, -0.055400, 0.275372
0.355021, -0.079264, 0.299116
0.365892, -0.089794, 0.261223
0.324295, -0.015825, 0.338887
0.356430, -0.071243, 0.366599
0.337661, -0.044595, 0.248413
0.372988, -0.125285, 0.177060
0.326709, -0.036998, 0.182427
0.369908, -0.094311, 0.247980
0.323199, -0.127715, 0.129240
0.318289, -0.024283, 0.255831
0.362765, -0.053138, 0.289236
0.373702, -0.099223, 0.248407
0.362691, -0.051111, 0.297072
0.341264, -0.026975, 0.289197
0.374089, -0.041714, 0.287180
0.353980, -0.044544, 0.308742
0.326349, -0.128513, 0.041659
0.337437, -0.057811, 0.072334
0.369523, -0.171939, -0.245633
-0.142241, -0.152712, -0.340018
-0.060213, -0.183467, -0.330554
-0.359696, -0.170232, -0.476724
0.257844, -0.025481, -0.079516
0.209297, -0.082273, -0.075245
0.247087, -0.025664, -0.047112
0.200324, -0.209796, -0.331037
0.311313, -0.232173, -0.401079
0.304553, -0.010900, 0.217935
0.377697, -0.074888, 0.221009
0.313023, 0.028032, 0.258036
0.322847, -0.017331, 0.335713
0.294928, -0.044709, 0.247557
0.323803, 0.016564, 0.247922
0.311364, -0.359366, -0.360628
0.366144, -0.127594, 0.199577
0.360993, -0.095040, 0.199096
0.384667, -0.081931, 0.249950
0.329782, 0.000736, 0.230943
0.324096, -0.094356, 0.070419
0.331892, -0.048595, 0.108694
0.355074, -0.075882, 0.274696
0.359955, -0.088481, 0.202738
0.322565, 0.005366, 0.250917
0.312284, 0.002295, 0.262870
0.247939, 0.031429, 0.329206
0.354948, -0.085804, 0.207801
0.357058, -0.049429, 0.279086
0.359055, -0.046968, 0.297343
0.314228, -0.007639, 0.331478
0.325512, 0.017969, 0.246125
0.368946, -0.052376, 0.349613
0.322793, -0.013047, 0.349376
0.356112, -0.042364, 0.313344
0.337649, -0.014940, 0.351629
0.368235, -0.105923, 0.188154
0.318908, -0.027269, 0.223645
0.329415, -0.006795, 0.181071
0.310245, -0.017156, 0.221553
0.337474, -0.045797, 0.243952
0.320797, -0.009419, 0.253277
0.368249, -0.049310, 0.254226
0.361608, -0.078014, 0.288705
0.323939, -0.013358, 0.349191
0.358495, -0.045040, 0.304769
0.349550, -0.027177, 0.339407
0.368809, -0.071252, 0.221795
0.321516, -0.039442, 0.180162
0.324469, -0.026966, 0.143430
0.330085, -0.092889, 0.050199
0.360840, -0.037746, 0.278764
0.377196, -0.052267, 0.244088
0.367720, -0.101261, 0.214008
0.360718, -0.077415, 0.301893
0.332195, -0.013587, 0.333405
0.347881, -0.031464, 0.398000
-0.050396, -0.115872, -0.317664
-0.056143, -0.117373, -0.325290
-0.030917, -0.092718, -0.315041
-0.037935, -0.181592, -0.339301
0.352310, -0.107167, -0.244357
0.307539, -0.161613, -0.287605
0.342987, -0.061119, 0.068410
0.344097, -0.028068, 0.108553
0.342351, 0.005598, 0.103851
0.352400, -0.071318, 0.160885
0.330515, -0.046894, 0.120330
0.285733, 0.018420, 0.284241
0.365010, -0.112847, 0.147372
0.367066, -0.098917, 0.258410
0.329283, -0.008838, 0.178798
0.339059, -0.115401, 0.088025
0.309900, -0.015794, 0.214844
0.307515, -0.014992, 0.224059
0.358960, -0.068910, 0.164536
0.322900, 0.007704, 0.249688
0.190489, -0.068504, -0.040128
-0.006413, -0.087200, -0.304606
-0.285830, 0.061169, 0.041548
-0.340505, -0.158654, -0.042839
-0.297182, 0.105227, 0.101952
0.293594, -0.013719, -0.208197
0.287460, -0.058092, -0.217326
0.346019, -0.054293, -0.175217
0.286392, -0.065760, -0.209536
0.273271, -0.003346, 0.105591
0.361394, -0.079085, 0.242294
0.244529, 0.038277, 0.359997
0.310437, -0.004101, 0.348434
0.328960, -0.024740, 0.287785
0.406077, -0.068688, 0.321980
0.364315, -0.046932, 0.309432
0.360224, -0.048141, 0.310325
0.370373, -0.091641, 0.295654
0.358214, -0.044388, 0.336145
0.346506, -0.074776, 0.295838
0.368054, -0.092494, 0.252050
0.321122, 0.013824, 0.251008
0.321919, 0.016968, 0.249952
0.359840, -0.094309, 0.177103
0.326259, 0.007131, 0.248841
0.374660, -0.073091, 0.245110
0.353000, -0.034139, 0.269442
-0.425973, 0.077086, 0.166952
0.106179, -0.015000, -0.204579
0.206230, -0.196102, -0.290584
0.376949, -0.068452, 0.232968
0.363351, -0.042101, 0.250401
0.308715, -0.134895, -0.279281
0.344877, -0.117259, -0.243946
0.326664, -0.030591, 0.242873
0.376829, -0.070000, 0.226324
0.339013, -0.036365, 0.236260
0.355235, -0.040998, 0.301548
-0.047186, 0.006415, -0.029659
-0.088917, 0.023621, -0.041125
0.217071, -0.217172, -0.086586
0.362801, -0.048306, 0.300526
0.331355, -0.051602, 0.123954
0.339952, -0.028088, 0.104951
0.310587, -0.017585, 0.221705
0.273631, -0.021189, -0.091148
0.212443, -0.215258, -0.161881
0.226700, -0.214244, -0.171651
0.187034, -0.289293, -0.293401
0.317436, -0.021612, 0.269390
0.367018, -0.061844, 0.241282
0.365014, -0.096072, 0.221794
0.365626, -0.106250, 0.213881
0.353648, -0.086812, 0.231574
0.377110, -0.077131, 0.221794
0.364108, -0.097367, 0.212499
0.365520, -0.049437, 0.314279
0.357294, -0.042111, 0.300220
0.345494, -0.057185, 0.277361
0.363245, -0.109500, 0.159632
0.330287, -0.001515, 0.221869
0.257899, 0.030744, 0.332849
0.366449, -0.100374, 0.214918
0.324440, -0.022147, 0.251275
0.208723, -0.061510, -0.018052
-0.288438, 0.054816, 0.130821
-0.030561, -0.062012, 0.100845
0.343459, -0.074666, 0.232883
0.376813, -0.068634, 0.232794
0.353433, -0.046909, 0.338197
0.357606, -0.077870, 0.271517
0.333933, -0.033505, 0.247627
0.220532, -0.277772, -0.158123
0.335422, -0.050613, 0.105805
0.273284, -0.069415, -0.034390
0.307381, -0.014182, 0.218810
0.325763, -0.034026, 0.075979
0.346031, -0.007452, -0.001657
0.332208, -0.001619, 0.043718
0.340699, -0.017760, 0.102217
0.381635, -0.055753, 0.238595
0.348123, -0.066679, 0.303639
0.331205, -0.040026, 0.183840
0.258950, -0.009338, -0.054131
0.283516, -0.301423, -0.298013
0.211892, -0.066436, -0.029522
0.246651, -0.129560, -0.135088
0.266925, -0.069177, -0.057320
0.252229, -0.039174, -0.068470
0.225321, -0.258797, -0.086557
0.244482, -0.029184, -0.067587
0.255062, -0.035032, -0.045729
0.334040, -0.049601, 0.111864
0.205576, -0.086205, -0.089223
0.321746, -0.038512, 0.176259
0.196927, -0.084299, -0.088636
0.215393, -0.108248, -0.099267
0.242876, -0.028433, -0.123795
0.203587, -0.086408, -0.092208
0.347482, -0.062619, -0.013725
0.350093, -0.162772, -0.278017
0.341258, -0.153221, -0.028056
0.338297, 0.006827, 0.114556
0.333329, -0.044580, 0.242943
0.329028, -0.031214, 0.253557
0.363866, -0.082152, 0.239607
0.373416, -0.104557, 0.222984
0.368359, -0.057300, 0.355770
0.360926, -0.078342, 0.243171
0.358452, -0.078132, 0.276945
0.355644, -0.046043, 0.337595
0.348871, -0.048695, 0.380616
0.351283, -0.051039, 0.375493
0.356468, -0.043710, 0.308034
0.358863, -0.083523, 0.247848
0.339254, -0.050035, 0.235972
0.363850, -0.105272, 0.209530
0.364803, -0.097963, 0.216796
0.224393, -0.033100, 0.105965
0.341867, -0.106621, -0.094374
0.345014, -0.112177, -0.287257
0.199899, -0.094716, -0.072406
0.203114, -0.038053, -0.122590
0.326421, -0.041479, 0.173133
0.327219, -0.031810, 0.245329
-0.087469, -0.268543, -0.344524
-0.140278, -0.116253, -0.331454
-0.084526, -0.056726, -0.321800
0.322950, 0.004484, 0.248383
0.351534, -0.036848, 0.334985
0.313575, 0.018224, 0.322511
0.365417, -0.040009, 0.276279
0.368930, -0.098130, 0.256051
0.349559, -0.060340, -0.204822
0.306625, 0.008009, 0.245634
0.312609, 0.028248, 0.341841
0.381131, -0.107729, 0.238801
0.368425, -0.102031, 0.182874
0.364646, -0.100375, 0.205498
0.358124, -0.045088, 0.331603
0.326033, 0.014092, 0.245895
0.327244, 0.024306, 0.243905
0.325185, 0.023722, 0.246051
0.327077, -0.090593, 0.051181
0.348370, -0.156768, -0.257327
0.328247, 0.025862, 0.242601
0.354593, -0.073243, 0.270052
0.349985, -0.044693, 0.290355
0.358553, -0.045460, 0.316510
0.490311, -0.020105, 0.212991
0.357890, -0.095559, 0.169438
0.367469, -0.103964, 0.169574
0.361540, -0.107796, 0.149642
0.364892, -0.113947, 0.158392
0.370965, -0.110332, 0.153660
0.355947, -0.099903, 0.162335
0.316592, -0.026779, 0.221653
0.367617, -0.105000, 0.169053
0.360957, -0.106839, 0.149747
0.361628, -0.106027, 0.153575
0.311977, 0.000855, 0.223184
0.367816, -0.105692, 0.167237
0.357202, -0.085011, 0.205590
-0.036656, -0.025063, -0.290365
0.349873, -0.328966, -0.291627
0.335006, -0.026630, 0.120535
0.366764, -0.109716, 0.188415
0.273754, 0.025136, 0.315488
0.330849, 0.030372, 0.239773
0.365845, -0.095551, 0.203700
0.365123, -0.098439, 0.211579
0.412382, -0.013451, 0.207392
0.379798, -0.117787, 0.187211
0.322599, -0.033030, 0.193543
0.321952, -0.025710, 0.263227
0.329348, -0.049135, 0.129199
0.308897, -0.016519, 0.228295
0.328208, -0.036490, 0.215651
0.303422, -0.009270, 0.213121
0.319907, -0.090967, 0.143966
0.351054, 0.001061, 0.053674
0.324012, 0.029560, 0.246649
0.359745, -0.087675, 0.202091
0.325159, -0.030134, 0.245188
0.366808, -0.096532, 0.257287
0.359656, -0.066172, 0.309661
-0.219739, -0.159367, -0.052592
0.380669, -0.130978, -0.312094
0.329576, -0.030515, 0.130163
0.319614, -0.020470, 0.254280
0.202551, -0.026209, -0.058081
0.265094, -0.060494, -0.046842
-0.057469, -0.022244, -0.026665
0.353479, -0.042973, 0.303721
0.343797, -0.053122, 0.238096
0.369697, -0.106589, 0.189159
0.364882, -0.113321, 0.232306
-0.537611, -0.174067, -0.010363
0.345036, -0.029661, 0.339987
0.376512, -0.066660, 0.229533
0.262987, 0.022487, 0.297452
0.357423, -0.035971, 0.334078
0.355485, -0.043621, 0.310227
0.381229, -0.089398, 0.165359
0.353690, -0.066966, 0.323170
0.190234, -0.071387, -0.045831
0.169497, -0.031477, -0.091142
-0.088238, -0.067958, -0.308626
0.105136, -0.012000, -0.159545
0.327345, -0.076602, 0.127184
0.298937, 0.009688, 0.249862
0.355872, -0.043211, 0.336692
0.214890, 0.040501, 0.356228
0.320075, -0.005603, 0.253841
0.354593, -0.075073, 0.277929
0.317773, -0.022259, 0.265595
0.207414, 0.003963, -0.028629
0.107333, -0.266512, -0.309492
0.097575, -0.257358, -0.381791
0.357508, -0.086741, 0.215131
0.328745, -0.093409, 0.054202
0.319049, -0.025174, 0.253487
0.379707, -0.088692, 0.169740
0.336625, -0.023748, 0.114426
0.360564, -0.199676, -0.103646
0.047301, -0.238833, -0.346917
0.063720, -0.199794, -0.355302
-0.342028, -0.136794, -0.421699
-0.127028, -0.013222, -0.255156
-0.116324, -0.106482, 0.008992
-0.074909, -0.016346, -0.229121
0.330869, -0.134701, -0.245798
-0.585277, -0.081253, -0.470995
0.215991, -0.290576, -0.176527
0.310151, -0.019119, 0.228570
0.307589, -0.014211, 0.219033
0.354940, -0.075822, 0.274987
0.375683, -0.109857, 0.187740
0.324149, 0.017877, 0.247502
0.367675, -0.105023, 0.169981
0.369001, -0.120436, 0.198275
0.350378, -0.131674, 0.181281
0.363735, -0.102671, 0.203908
0.332253, -0.034984, 0.057911
0.317639, -0.004892, 0.192569
0.323704, -0.091833, 0.070353
0.308766, -0.015306, 0.218926
0.314205, -0.034166, 0.176879
0.334696, -0.060509, 0.113732
0.357230, -0.085335, 0.208781
0.371159, -0.065393, 0.247556
0.344103, -0.005004, 0.062776
0.340661, -0.005244, 0.103953
0.302258, 0.005583, 0.239729
0.317769, -0.021777, 0.269049
0.333821, -0.047418, 0.110626
0.319338, 0.000649, 0.217918
0.360580, -0.114100, 0.153094
-0.039014, 0.008958, 0.003719
-0.237032, 0.005668, -0.235488
0.072358, -0.926502, -1.379877
0.325079, -0.031848, -0.106371
0.321183, -0.025377, 0.261950
0.363370, -0.109725, 0.160267
0.355545, -0.140632, 0.149933
0.351625, -0.071582, 0.155260
0.329201, -0.020514, 0.333486
0.379570, -0.118932, 0.140902
0.370541, -0.108594, 0.185523
0.209704, -0.122366, -0.140256
0.320210, -0.026017, 0.253585
0.316437, -0.125674, 0.145282
0.302558, 0.009738, 0.252031
0.359836, -0.100582, 0.215345
0.379711, -0.080658, 0.216474
0.370984, -0.109278, 0.213024
0.313206, -0.020266, -0.066097
-0.053078, 0.038409, 0.021633
0.356624, -0.046582, 0.293848
0.366523, -0.096591, 0.221043
0.356713, -0.038180, 0.337587
0.198185, -0.272536, -0.283482
-0.042415, -0.328052, -0.693791
0.187296, -0.136397, -0.209438
0.289491, -0.308350, -0.288677
0.222217, -0.023298, 0.144864
0.336414, -0.088187, 0.093556
0.236072, -0.134350, -0.138730
0.223871, -0.229490, -0.193944
0.220187, -0.008852, -0.079434
0.208242, -0.267849, -0.123013
0.230536, -0.117206, -0.118114
-0.333950, -0.161710, 0.076806
-0.330841, 0.085828, 0.071129
-0.341933, 0.067665, 0.070871
-0.139813, 0.043864, 0.027297
0.251049, 0.033637, 0.340245
0.377176, -0.114947, 0.161063
0.357173, -0.049124, 0.280998
0.309229, -0.023071, 0.210524
0.294633, 0.018150, 0.292425
0.325407, -0.008871, 0.247276
0.321098, -0.005650, 0.252590
-0.105448, -0.089338, 0.004471
0.376128, -0.070665, 0.229453
0.367369, -0.090386, 0.260194
0.372605, -0.130155, 0.133060
0.349608, -0.066750, 0.164933
-0.142763, -0.018902, -0.301800
0.320608, 0.000692, 0.252844
0.332160, -0.009154, 0.178354
0.267346, 0.028252, 0.325405
0.376488, -0.150869, -0.283059
0.225087, -0.022291, 0.136577
0.305972, -0.014242, 0.227769
0.325967, -0.035919, 0.184900
0.113825, -0.220399, -0.487011
-0.067720, 0.020164, -0.037198
0.331058, -0.054979, 0.122753
0.330980, -0.051840, 0.123024
0.341017, 0.004312, 0.101553
0.330954, -0.009540, 0.175977
0.301328, -0.007222, 0.213872
0.324400, -0.021328, 0.290735
0.335443, -0.046105, 0.243245
0.301227, -0.007965, 0.222952
0.320909, -0.021345, 0.252376
0.319732, -0.013460, 0.254676
0.313519, -0.008622, 0.319576
0.295653, -0.215444, -0.248164
0.303127, -0.250970, -0.347256
0.335531, -0.116065, 0.009786
0.462236, -0.309735, -0.308809
0.361584, -0.143314, -0.262907
-0.186731, -0.019509, -0.209829
-0.120776, -0.004655, -0.213287
-0.237159, -0.198948, -0.292277
0.307811, -0.013325, 0.214132
0.316117, -0.026374, 0.224316
0.381043, -0.064117, 0.276895
0.347451, -0.067065, 0.163737
0.359953, -0.050344, 0.282296
0.355652, -0.141181, 0.148514
-0.167722, 0.031866, -0.076559
0.191166, -0.254586, -0.331882
0.260045, -0.015369, 0.015910
0.356630, -0.067733, 0.304763
0.374112, -0.319611, -0.250422
0.352734, -0.103927, -0.263588
0.199959, -0.071906, -0.048818
0.254302, -0.034865, -0.094108
0.362848, -0.117173, 0.154620
0.246050, -0.019653, -0.109436
0.202461, -0.070102, -0.041117
0.205928, -0.002476, -0.061147
-0.362224, -0.171535, -0.479909
-0.206728, -0.220618, -0.338093
0.228848, -0.023729, -0.057569
0.231023, -0.208115, -0.106143
0.328250, -0.047160, 0.155417
0.335351, -0.029513, -0.074952
0.319099, -0.021913, 0.244410
0.335377, -0.025455, 0.029714
-0.243733, -0.165286, -0.057442
-0.254867, -0.168725, -0.058922
0.358710, -0.105217, 0.155663
0.319075, 0.006117, 0.241790
0.327908, -0.062654, 0.128069
0.334102, -0.059545, 0.113990
0.323721, 0.004641, 0.247911
0.403132, -0.232849, -0.293193
0.353852, -0.081357, 0.207036
-0.211310, -0.089635, -0.313260
-0.333909, -0.208180, -0.323603
0.296465, -0.188062, -0.223071
0.318261, -0.031716, -0.113735
0.331775, 0.002984, 0.176777
0.325036, 0.012527, 0.246604
-0.095280, -0.127476, -0.333839
-0.083199, -0.163064, -0.341846
-0.163748, 0.001318, -0.229263
0.277073, -0.090313, -0.112500
0.225532, -0.221485, -0.162215
0.220093, -0.245742, -0.133615
0.099897, -0.245617, -0.383428
0.375278, -0.154674, -0.261517
0.351118, -0.107370, -0.242638
0.317117, -0.086660, -0.313567
0.343611, -0.007372, 0.096618
0.289953, -0.102123, -0.169988
0.354397, -0.001134, 0.235160
0.373056, -0.102891, 0.211935
0.361183, -0.052486, 0.274528
0.274782, -0.081711, -0.073010
0.330351, -0.038432, 0.210211
0.337243, -0.025646, 0.114477
0.367061, -0.098243, 0.207027
0.369117, -0.173139, -0.254947
0.266529, 0.020528, 0.289299
0.370675, -0.126166, 0.140245
0.375926, -0.110969, 0.188057
0.332548, -0.056396, 0.118156
0.354229, -0.076521, -0.287656
0.339525, -0.007229, 0.106725
0.344002, -0.004644, 0.203022
0.370347, -0.093013, 0.257539
0.028406, -0.271846, -0.279205
0.219992, -0.108756, -0.143941
0.000242, -0.266209, -0.354612
0.010983, -0.221434, -0.356063
-0.000333, -0.266991, -0.354646
0.049030, -0.283929, -0.378772
0.328345, -0.006664, 0.187430
0.315252, -0.024027, 0.222567
-0.172876, 0.001539, -0.248076
-0.257589, -0.091847, -0.252302
-0.249574, -0.069041, -0.228802
-0.118619, 0.007498, -0.219793
0.232695, -0.197999, -0.083220
0.210635, -0.199367, -0.108895
0.217322, -0.209441, -0.084573
0.280856, -0.070313, -0.245054
0.361497, -0.053436, 0.273818
0.246030, -0.122882, -0.142010
0.241830, -0.203735, -0.101077
-0.314131, -0.156157, -0.296494
0.272727, -0.033982, -0.127283
0.358558, -0.122788, -0.259599
0.322723, -0.086568, 0.069977
0.344572, -0.032094, -0.005686
0.317951, -0.076695, -0.299148
0.378535, -0.154412, -0.272400
0.356570, -0.080889, 0.249306
0.367379, -0.119044, 0.196926
0.233985, -0.125348, -0.176900
0.305551, -0.011653, 0.216329
0.207932, -0.090054, -0.074812
0.210708, -0.130563, -0.119085
0.024320, -0.274597, -0.285588
0.273636, -0.020766, -0.088924
0.324278, -0.002594, 0.213713
0.282149, 0.020472, 0.292497
0.297580, 0.005563, 0.231869
0.289278, 0.016989, 0.279632
0.319691, 0.000898, 0.253942
0.323976, 0.011461, 0.248088
0.320617, -0.003959, 0.006371
0.330709, -0.033873, 0.131412
-0.050200, -0.174223, -0.342529
-0.056860, -0.181909, -0.327966
-0.053608, -0.180432, -0.322793
0.267520, 0.022705, 0.299750
0.353178, -0.130081, -0.217814
0.312400, -0.063528, 0.170495
-0.120322, -0.251682, -0.333832
-0.233722, -0.117276, -0.321810
0.354162, -0.046729, 0.270972
0.364279, -0.100934, 0.218699
0.037512, 0.023236, -0.013206
-0.212756, -0.029073, -0.182262
-0.284280, -0.188832, -0.225588
0.281105, -0.042698, -0.149342
0.242385, -0.207114, -0.125813
0.344969, -0.116490, -0.288939
0.317877, -0.089915, -0.331385
-1.548695, 0.105341, 0.226627
0.323275, -0.132475, -0.321079
0.364615, -0.150723, -0.256770
0.329843, -0.039981, 0.196254
0.255507, -0.027906, -0.050917
0.324274, -0.080839, 0.066316
0.051231, -0.242760, -0.371510
0.248193, -0.116458, -0.125599
0.257333, -0.025972, -0.089774
0.283546, -0.063451, -0.257282
0.341379, -0.065527, 0.005963
0.226831, -0.296877, -0.301915
0.268498, -0.028130, -0.069022
0.223969, -0.226201, -0.190091
0.288629, -0.054272, -0.192787
0.317130, -0.079838, -0.306540
0.270508, -0.014065, -0.065994
0.209892, -0.228892, -0.142061
0.226457, -0.200625, -0.115132
0.236387, -0.260927, -0.202655
0.317275, -0.076421, -0.074351
-0.200511, -0.074598, -0.282801
-0.149581, 0.001722, -0.217971
-0.390929, -0.175713, -0.467454
0.324771, 0.005686, 0.088935
-0.630131, -0.083273, -0.338296
0.050679, -0.238326, -0.372074
0.335666, -0.046943, 0.240724
-0.029969, -0.122568, -0.320480
0.352765, -0.202161, -0.089503
0.347902, -0.109138, -0.267731
0.364972, -0.080548, -0.289345
-0.104401, 0.005036, -0.155325
-0.254320, -0.200666, -0.323198
-0.128587, -0.012214, -0.138663
0.357575, -0.084445, 0.210987
0.310779, -0.020286, 0.227257
0.306817, -0.012130, 0.207543
0.337208, -0.010655, 0.112164
0.340141, 0.006256, 0.108568
0.305678, -0.012237, 0.218382
0.376350, -0.113346, 0.162523
0.327677, -0.080660, 0.126065
-0.322089, -0.032326, 0.144419
-0.758093, -0.061257, 0.179018
-0.112730, 0.001215, -0.207894
0.210815, -0.226293, -0.137708
0.218077, -0.140737, -0.146399
0.360124, -0.272570, -0.144580
-0.000837, -0.278186, -0.381914
0.282075, -0.083736, -0.136037
0.228134, -0.130288, -0.190219
0.329622, -0.051800, -0.179605
0.248488, -0.112948, -0.118068
0.230811, -0.113767, -0.160226
0.299392, -0.203782, -0.255028
0.331859, -0.138372, -0.267629
-0.161020, -0.012146, -0.286886
-0.288956, -0.125694, -0.457619
-0.173503, 0.000948, -0.243109
-0.197837, -0.105241, -0.292877
-0.284829, -0.101112, -0.312161
-0.068538, -0.202564, -0.360326
-0.041189, -0.151569, -0.316379
0.277328, -0.065066, -0.019674
0.316901, -0.025078, 0.171082
0.236899, -0.122666, -0.129064
0.299956, -0.006927, 0.220205
0.317000, -0.026539, 0.227878
0.321449, -0.030307, 0.228615
0.210976, -0.127309, -0.152425
0.260498, 0.029467, 0.326180
0.308332, -0.142045, 0.043781
0.391764, -0.200214, -0.050534
0.370651, -0.107767, 0.187293
-0.159448, 0.006170, -0.199969
-0.144222, 0.013469, -0.195336
-0.382141, -0.212421, -0.371586
0.333009, -0.051752, 0.111268
0.331731, 0.009497, 0.177331
0.336627, -0.023326, 0.116075
0.338678, -0.002614, 0.046957
0.117227, -0.020363, -0.197118
0.066591, -0.198847, -0.311725
0.191689, -0.111728, -0.129115
0.190543, -0.108858, -0.101583
0.195943, -0.076659, -0.055386
0.059409, -0.224874, -0.357214
0.049450, -0.234365, -0.379245
0.203576, -0.189821, -0.266308
0.322025, 0.003609, 0.231893
0.337996, 0.002139, 0.046919
0.187794, -0.283104, -0.309784
0.397141, -0.074695, -0.221062
0.254896, -0.007636, -0.046617
0.051247, -0.234943, -0.339390
0.038881, -0.284591, -0.365705
0.195078, -0.076760, -0.057762
0.281714, -0.085137, -0.145594
0.322607, -0.129671, -0.309839
0.315201, -0.061737, -0.229420
0.225180, -0.022086, 0.137658
0.029090, -0.270446, -0.277935
-0.046613, -0.244567, -0.299217
0.295093, -0.002119, 0.220987
0.255042, -0.026407, -0.077964
0.371137, -0.144939, -0.126419
0.203981, -0.221215, -0.146730
-0.052491, -0.194325, -0.338888
0.242194, -0.009197, -0.051798
-0.247137, -0.199234, -0.319069
0.360878, -0.079805, -0.260407
-0.198202, -0.215112, -0.329221
0.303447, 0.001500, 0.044366
0.295321, 0.001117, 0.026515
0.337294, -0.011961, 0.166595
0.367410, -0.104383, 0.200385
0.185160, -0.074030, -0.054624
-0.175512, -0.101526, -0.348545
0.404774, -0.076484, -0.257654
0.404677, -0.070528, -0.219071
0.392903, -0.182997, -0.235879
0.262142, -0.045695, -0.099215
0.206274, -0.017636, -0.073585
0.398957, -0.103269, -0.248120
0.330141, 0.004939, 0.180016
0.294877, 0.013918, 0.268276
-0.024099, 0.014499, -0.027881
-0.255555, -0.143106, -0.100765
0.335087, -0.022867, 0.118133
-0.546861, -0.079965, 0.132582
0.231012, -0.258506, -0.224471
0.043391, -0.225311, -0.363537
0.219115, -0.202124, -0.108082
0.281814, -0.069514, -0.185172
0.329643, -0.131708, -0.241419
0.363352, -0.104749, 0.161409
0.228538, -0.021196, -0.001248
0.243539, -0.197575, -0.180313
0.221689, -0.239907, -0.126429
0.285445, -0.063581, -0.207858
0.280387, 0.001864, 0.011121
-0.321954, -0.158464, 0.075629
0.340968, -0.025828, 0.109669
-0.254467, -0.039591, -0.389525
-0.329552, -0.107054, -0.346389
-0.169895, -0.013504, -0.317843
-0.190617, -0.047341, -0.286264
-0.306130, -0.200529, -0.372458
0.347811, -0.145247, -0.331550
0.284857, -0.308238, -0.307708
0.328483, -0.047004, 0.151260
0.304076, -0.160236, -0.255066
0.329542, -0.131299, -0.246729
0.283481, -0.303775, -0.301047
0.276623, -0.055870, -0.135668
-0.024522, -0.074559, -0.302569
0.042231, -0.224824, -0.365343
-0.168293, -0.057055, -0.341515
-0.344368, -0.093262, -0.316995
0.242246, -0.128131, -0.133191
0.181861, -0.076547, -0.057724
0.216908, -0.123029, -0.112941
-0.077547, 0.031280, 0.019733
-0.078438, -0.128608, -0.331025
0.363029, -0.050400, -0.083097
0.372815, -0.165154, -0.268468
0.269536, -0.070102, -0.236371
-0.136655, -0.017883, -0.221866
0.276829, -0.038442, -0.168661
0.323091, -0.133615, 0.046053
0.233507, -0.118991, -0.145771
-0.106952, 0.009233, -0.137126
-0.253489, -0.149876, -0.345364
-0.303527, -0.181792, -0.304219
0.192078, -0.254234, -0.331335
0.202005, -0.027073, -0.067726
0.221188, -0.264484, -0.245282
0.385238, -0.287103, -0.227175
0.232155, -0.024320, 0.135952
0.383653, -0.164370, -0.175737
0.331106, -0.049358, 0.123975
0.231040, 0.008160, 0.004104
0.199705, -0.085086, -0.076197
0.275905, -0.037955, -0.155673
0.036096, -0.284491, -0.413607
0.212093, -0.124406, -0.155602
0.209716, -0.142821, -0.133823
0.094180, -0.287837, -0.369961
0.308197, -0.112892, -0.262557
0.218894, -0.204453, -0.066112
0.212704, -0.271766, -0.203921
0.220997, -0.032172, 0.142278
0.356588, -0.211193, -0.106904
0.299354, -0.006947, 0.213243
-0.106833, -0.011640, -0.040038
-0.023417, 0.003990, -0.023598
0.308367, -0.134464, -0.270283
0.303216, -0.201939, -0.293219
0.336485, -0.156987, -0.300117
-0.161526, -0.241642, -0.332042
0.204020, -0.091781, -0.095177
0.324551, -0.108597, 0.129759
-0.140827, -0.011715, -0.144040
-0.262891, -0.144656, -0.352304
0.238669, -0.098975, -0.064682
0.230836, -0.033038, 0.126032
0.222267, -0.023082, 0.145225
0.343974, -0.088198, -0.194901
0.220301, -0.026675, 0.120505
0.230657, -0.207381, -0.102863
0.284304, -0.063295, -0.262526
0.114721, -0.137033, -0.253216
0.221181, -0.104799, -0.132541
0.258961, -0.005381, -0.008345
0.099856, -0.251820, -0.375196
0.343155, -0.131168, -0.012861
0.281695, -0.082533, -0.093523
-0.700243, -0.199516, -0.595246
-0.128715, -0.003679, -0.259228
-0.006399, 0.016374, -0.004989
0.325561, -0.065390, 0.131090
0.038220, -0.279405, -0.374328
0.227261, -0.104845, -0.254357
0.147110, -0.133198, -0.253593
0.357908, -0.046533, -0.159230
0.251847, -0.031043, -0.069740
0.223473, -0.210972, -0.129540
0.274236, -0.058589, -0.238204
0.091100, -0.293763, -0.380190
0.319172, -0.080814, -0.320908
-0.133991, -0.120124, -0.338286
0.198693, -0.115246, -0.141221
0.235102, -0.098205, -0.164176
-0.326806, -0.011169, -0.053845
-0.101343, 0.001556, -0.087322
-0.243114, 0.099239, 0.148317
0.342482, -0.208990, -0.052884
0.041746, -0.232721, -0.363558
0.334255, -0.024870, 0.119465
0.369573, -0.303679, -0.225179
0.211866, -0.133813, -0.145363
0.328145, -0.091381, 0.057885
0.276550, -0.038064, -0.162519
0.275186, -0.007280, 0.115895
0.206953, -0.264995, -0.114601
0.203461, -0.092957, -0.098605
0.358293, -0.178318, -0.306490
0.186110, -0.027316, -0.067191
0.390347, -0.221137, -0.385414
0.356814, -0.276376, -0.175530
0.212265, -0.046596, -0.241199
0.211221, -0.036950, -0.118488
0.337920, -0.044141, 0.101619
0.023503, -0.029843, -0.268710
-0.603966, -0.213333, -0.379706
-0.073345, -0.004366, -0.185723
-0.171211, 0.002061, -0.233457
0.228505, -0.069468, -0.052357
0.195999, -0.255295, -0.251845
0.266546, -0.034553, -0.084800
0.202588, -0.025313, -0.059086
0.326761, -0.066619, 0.126918
0.230774, -0.027730, -0.116725
0.372915, -0.144207, -0.271574
0.326173, -0.065500, 0.128917
0.198101, -0.055794, -0.012444
0.193952, -0.262130, -0.322425
0.338975, -0.062118, 0.013493
0.334592, -0.153289, -0.284524
-0.028411, -0.035468, -0.312394
-0.257542, -0.150892, -0.346320
-0.306845, -0.189306, -0.444230
0.247590, -0.122235, -0.133126
0.330683, -0.067069, -0.258191
0.268303, -0.032190, -0.072590
0.374218, -0.181841, -0.171041
0.252215, -0.071101, -0.055957
0.327815, -0.097607, 0.051626
0.276892, -0.083782, -0.094515
0.230861, -0.070492, -0.058122
0.244272, -0.061431, -0.068516
0.058378, -0.287122, -0.357880
-0.424675, -0.232508, -0.357568
-0.157344, -0.011872, -0.284008
0.218137, -0.269379, -0.145386
0.230997, -0.122098, -0.177736
-0.275287, -0.175375, -0.221299
-0.458277, -0.161848, -0.218898
-0.408639, -0.116059, -0.221240
-0.296907, -0.077633, -0.266098
-0.390306, -0.197224, -0.345240
0.210000, -0.219639, -0.169870
0.350653, -0.124078, -0.334520
-0.160349, -0.142938, -0.347392
0.256739, -0.033105, -0.127087
0.233098, -0.026577, 0.153268
0.219127, -0.138366, -0.221080
0.251748, -0.038387, -0.064824
0.047575, -0.285213, -0.380412
0.274015, -0.057772, -0.228323
0.480375, -0.356747, -0.328748
0.376955, -0.153583, -0.151569
0.217316, -0.122519, -0.113309
0.199496, -0.254790, -0.321772
0.269328, -0.075290, -0.290275
0.287919, -0.059650, -0.226936
0.293656, -0.258687, -0.299816
0.223717, -0.209786, -0.128603
0.259544, -0.007818, -0.041374
-0.260954, -0.196350, -0.312044
-0.079934, -0.035180, -0.381551
-0.191923, -0.213045, -0.324572
-0.208425, -0.230863, -0.323944
0.247202, -0.110200, -0.103998
0.290441, -0.105329, -0.184177
0.289055, -0.055597, -0.084830
0.319778, -0.083508, -0.334370
0.187683, -0.025727, -0.070418
0.276918, -0.079633, -0.084240
0.054930, -0.285684, -0.364873
-0.047251, -0.234719, -0.582561
0.093246, -0.301830, -0.354150
-0.103477, -0.012121, -0.039674
-0.124798, 0.011142, -0.146251
-0.244375, -0.164670, -0.196741
0.233519, -0.124617, -0.176890
-0.308265, 0.022285, 0.039876
0.044696, -0.055916, 0.031015
-0.001532, -0.272533, -0.324319
0.062545, -0.223364, -0.356250
0.025016, -0.218833, -0.353750
0.288031, -0.060729, -0.118538
0.013460, -0.270546, -0.322675
0.221377, -0.144131, -0.159769
-0.185686, 0.004526, -0.199232
0.209141, -0.208308, -0.124780
0.255163, -0.291259, -0.287543
0.042367, -0.272662, -0.364371
0.345940, -0.119527, -0.254494
0.211317, -0.120957, -0.174135
-0.113227, 0.033992, -0.080944
-0.196167, -0.150882, -0.043925
-0.122525, 0.007095, -0.077533
-0.174662, -0.150268, -0.175582
-0.470372, -0.103584, 0.190064
0.202518, -0.125314, -0.149948
0.215532, -0.106541, -0.093516
0.206149, -0.211420, -0.134666
0.328239, -0.082526, 0.042862
0.207420, -0.198013, -0.117343
0.328985, -0.025639, 0.056282
0.227466, -0.074943, -0.072181
-0.036510, -0.201763, -0.345552
-0.141786, -0.049927, -0.337541
0.282898, -0.085805, -0.139955
0.326461, -0.088725, 0.054142
0.019731, -0.214211, -0.349683
-0.035866, -0.172075, -0.334340
-0.038674, -0.160111, -0.331173
0.195853, -0.212258, -0.335492
0.362208, -0.179719, -0.096180
0.267053, -0.068619, -0.055283
0.231983, -0.069425, -0.062100
-0.070617, 0.017650, -0.077562
0.290752, -0.047133, -0.184290
-0.399159, -0.216313, -0.527149
-0.058283, -0.041269, -0.300458
0.211578, -0.125521, -0.158169
0.215601, -0.207775, -0.147449
-0.263473, -0.120238, -0.221750
-0.280283, -0.149539, -0.378006
0.041058, -0.282577, -0.361323
-0.147926, 0.027531, -0.164985
-0.117868, 0.001630, -0.094389
-0.191226, -0.017114, -0.205368
-0.221465, -0.042951, -0.224180
0.202645, -0.028820, -0.014067
0.362505, -0.109295, -0.233278
0.057749, -0.240381, -0.357817
0.276928, -0.082709, -0.091787
0.108813, -0.232067, -0.356184
0.200794, -0.090374, -0.103410
0.220246, -0.066059, -0.085100
0.034522, -0.276551, -0.379401
0.243320, -0.190135, -0.171816
0.178119, -0.046658, -0.221396
0.323492, -0.063937, -0.281117
0.361635, -0.068759, -0.237830
-0.029397, -0.164571, -0.312476
-0.138647, -0.117664, -0.330400
-0.032560, -0.149254, -0.306863
0.001492, -0.056507, -0.298734
-0.036368, -0.270421, -0.488861
0.211358, -0.030452, -0.078898
0.326280, -0.097879, 0.063196
0.323741, -0.091432, 0.072091
0.323709, -0.091569, 0.071969
0.182099, -0.121016, -0.133767
-0.444787, -0.037112, 0.230644
0.213476, -0.025253, -0.039634
0.204105, -0.018864, -0.066735
-0.544648, -0.158643, -0.329961
-0.160274, -0.026762, -0.371506
-0.152848, -0.096452, -0.328212
0.192535, -0.027443, -0.048842
0.251507, -0.067559, -0.042978
0.223785, -0.190267, -0.124531
0.285479, -0.017161, 0.092982
0.005768, -0.269908, -0.368449
0.237164, -0.119849, -0.100697
0.133743, -0.009432, -0.137973
-0.129967, 0.011926, -0.148741
-0.198242, -0.148589, -0.354787
0.290469, -0.105165, -0.178897
0.221036, -0.109722, -0.121867
0.404121, -0.108924, -0.270583
0.212221, -0.130174, -0.116418
0.097614, -0.255240, -0.386117
0.196864, -0.099814, -0.088415
0.256147, -0.049537, -0.174521
0.366541, -0.159324, -0.256166
0.082694, -0.129281, -0.247362
0.261934, -0.096969, -0.019172
-0.196048, -0.086388, -0.298206
-0.330992, -0.133952, -0.325136
-0.026019, -0.091710, -0.309802
-0.166984, -0.112382, -0.337647
0.216921, -0.124280, -0.155263
0.194358, -0.079495, -0.080293
0.206654, -0.031015, -0.159531
0.250379, -0.301488, -0.303754
0.051276, -0.287814, -0.370637
0.240303, -0.190083, -0.105643
-0.006535, -0.283049, -0.393824
0.330308, -0.072774, 0.039043
0.080960, -0.265046, -0.295131
0.346658, -0.124621, -0.249380
0.261172, -0.062729, -0.029428
0.222375, -0.295896, -0.306283
0.344457, -0.143433, -0.236944
0.381088, -0.201696, -0.199105
0.205742, -0.017932, -0.061937
0.194335, -0.014481, -0.127089
0.222968, -0.185231, -0.158996
-0.157674, -0.109549, -0.348653
0.129440, -0.009156, -0.145982
0.008602, -0.230959, -0.386230
0.107510, -0.234927, -0.359747
0.234088, -0.217454, -0.123824
0.225658, -0.072195, -0.065090
0.140474, -0.115172, -0.196299
0.223884, -0.089205, -0.136544
0.045135, -0.220865, -0.361600
0.226774, -0.214776, -0.172138
-0.152909, -0.144255, -0.349870
0.094800, -0.282302, -0.365217
0.323447, -0.095112, 0.066727
0.202139, -0.131531, -0.202017
0.233099, 0.001879, -0.015173
0.215672, -0.195088, -0.179142
0.377258, -0.087608, -0.217281
0.214798, -0.218377, -0.101851
-0.009408, -0.087138, -0.308623
-0.084920, -0.085284, 0.006806
-0.134632, -0.115272, -0.325629
-0.145697, -0.224216, -0.273206
-0.200996, -0.149935, -0.358754
-0.106230, -0.136841, -0.346022
0.237846, -0.039889, -0.084243
0.210647, -0.119739, -0.132749
0.239330, -0.085630, -0.113812
-0.346943, -0.210912, -0.455980
-0.100433, -0.045263, 0.157209
-0.270737, 0.104061, 0.138846
0.196000, -0.000388, -0.051715
0.248193, -0.010814, 0.086318
-0.116345, 0.022938, -0.067008
-0.168533, -0.191753, -0.308075
-0.072739, -0.041434, -0.318568
-0.172750, -0.226953, -0.185577
-0.053867, -0.084772, -0.324630
-0.040658, -0.033265, -0.328925
-0.038879, -0.062791, -0.278177
0.192999, -0.078712, -0.062730
-0.587810, -0.182694, -0.162846
-0.198025, -0.184096, -0.051706
-0.091535, 0.017280, -0.086513
0.185077, -0.032006, 0.016882
-0.212217, -0.232189, -0.328113
-0.091015, -0.096932, 0.025050
-0.026683, 0.036254, -0.001635
-0.065254, -0.086992, 0.013597
-0.141520, -0.152310, -0.339024
-0.179048, -0.221680, -0.307862
-0.031301, -0.063805, -0.289133
-0.082649, -0.128465, -0.319215
0.238725, -0.087408, -0.118547
0.089056, 0.008286, -0.099947
-0.008334, -0.055570, -0.305091
0.183333, -0.029066, -0.068716
-0.094364, -0.245014, -0.282304
-0.113952, -0.256013, -0.302805
0.001998, -0.054282, -0.288614
-0.015562, -0.029819, -0.322422
-0.018825, -0.031940, -0.300080
-0.049641, -0.064648, -0.312052
0.203202, -0.215473, -0.141728
0.340554, -0.105648, -0.029395
0.009867, -0.228616, -0.353516
0.311607, -0.173767, -0.442336
-0.343362, -0.153745, -0.309236
-0.391000, -0.223044, -0.497710
0.214375, -0.115547, -0.157301
-0.253150, -0.144678, -0.107322
-0.068813, 0.030979, -0.085949
-0.115384, -0.115004, -0.317852
-0.197857, -0.106502, -0.293641
-0.113247, -0.052261, -0.286823
0.289733, -0.273180, -0.307873
0.089267, -0.119906, -0.233084
-0.436640, -0.037256, 0.227916
-0.339798, 0.058400, 0.070904
-0.027960, 0.041497, -0.012763
-0.271822, -0.149182, -0.117430
0.342019, -0.106384, -0.270613
0.341381, -0.105763, -0.271555
-0.062019, 0.031847, 0.024880
-0.057465, 0.024932, 0.003760
-0.112112, 0.031529, -0.005056
-0.445368, -0.076184, 0.270761
-0.315850, 0.071345, 0.068902
0.347104, -0.317455, -0.274051
0.330643, -0.087353, 0.031835
0.312510, -0.062674, 0.115179
0.289098, -0.066465, -0.149103
0.235196, -0.094817, -0.139556
-0.047843, -0.051121, 0.145644
-0.065653, 0.038333, 0.016674
-0.632684, 0.118634, 0.146549
-0.061217, 0.040047, 0.021312
-0.372235, -0.199517, -0.259209
-0.368761, -0.171954, -0.144773
-0.101146, -0.013545, -0.126190
0.109501, -0.022087, 0.014077
-0.295936, -0.153739, -0.113794
0.076811, 0.004604, 0.014549
-0.925026, -0.210467, 0.078556
-0.063545, 0.028787, 0.005787
-0.338471, 0.100153, 0.164099
-0.497136, -0.072365, -0.028467
-0.102533, 0.030380, -0.003919
-1.133486, 0.047803, 0.302503
-0.118558, -0.224546, -0.296177
-0.080593, -0.088354, 0.010360
-0.146097, -0.209176, -0.279106
-0.155094, -0.023404, -0.234176
-0.258405, 0.100610, 0.134692
-0.242001, 0.052143, 0.063838
-0.166583, -0.101055, -0.270084
-0.263709, -0.197357, -0.313516
-0.194937, -0.084126, -0.302049
-0.215791, -0.006264, -0.345390
-0.253559, -0.140005, -0.412150
-0.347643, 0.104467, 0.137722
-0.031262, 0.042005, 0.019250
-0.094049, 0.020810, -0.084990
-0.097235, -0.121692, -0.254845
-0.052606, -0.117325, -0.319978
-0.064907, 0.034812, 0.026275
-0.574954, -0.097537, 0.217452
-0.536766, -0.093486, 0.207210
-0.123574, -0.103417, -0.293061
-0.137520, -0.018398, -0.063377
0.013197, -0.253914, -0.334960
-0.487322, -0.102097, 0.268744
-0.182571, 0.076448, 0.102222
-0.223981, 0.091350, 0.121045
-0.632491, -0.102116, 0.231747
-0.107728, -0.047205, 0.160184
-0.030886, -0.073530, -0.290158
0.030233, -0.146275, -0.237738
-0.166263, -0.234568, -0.290923
-0.107779, -0.042885, -0.294649
-0.220848, -0.195019, -0.280405
-0.173462, -0.237605, -0.297861
-0.090888, -0.131842, -0.328361
-0.027302, -0.197474, -0.332622
0.050850, -0.240672, -0.372116
-0.021042, -0.090044, -0.326174
0.195740, -0.076925, -0.056812
0.187796, -0.099165, -0.098448
-0.224569, -0.218713, -0.289230
-0.106328, 0.000349, -0.204339
-0.286595, -0.178664, -0.226171
-0.086496, -0.162835, -0.348102
-0.005132, -0.002915, -0.201579
-0.020349, -0.131000, -0.341247
-0.046254, 0.030695, 0.019171
0.205756, -0.079387, -0.066450
0.210470, -0.141874, -0.131549
0.234731, -0.116172, -0.147745
0.247665, -0.117697, -0.124324
0.220460, -0.484800, -0.885650
0.232117, -0.070358, -0.063851
0.314373, -0.110427, -0.311982
-0.132703, -0.149443, -0.329612
0.200506, -0.018350, -0.076336
0.233348, -0.028065, -0.077014
0.201604, -0.027321, -0.069509
0.236120, -0.125560, -0.114830
0.347040, -0.313635, -0.267600
0.223927, -0.291453, -0.298821
-0.195337, 0.013606, -0.201608
-0.127383, -0.012823, -0.211011
-0.068703, -0.010245, -0.210310
0.196871, -0.014527, -0.119811
0.373500, -0.173041, -0.300818
0.247451, -0.036376, -0.102430
0.268030, -0.266667, -0.305487
0.268127, -0.265338, -0.302592
0.268806, -0.267863, -0.323799
0.037733, -0.284936, -0.356594
0.220172, -0.058770, 0.003406
0.195571, -0.081096, -0.082920
-0.776132, 0.001760, 0.067472
-0.774777, -0.044460, 0.081022
-0.708810, -0.093620, 0.055189
-0.668448, 0.042947, 0.118572
-0.714810, 0.148511, -0.086456
-0.037905, 0.009027, -0.029343
-0.068631, -0.085772, 0.024808
-0.264062, 0.054876, 0.039884
-0.342711, 0.088141, 0.067630
-0.051981, -0.037676, 0.000691
-0.459074, -0.081224, 0.240905
0.220140, -0.099425, -0.160986
0.277219, -0.043529, -0.096968
-0.249358, -0.042742, -0.240618
0.275375, -0.081843, -0.071905
0.252439, -0.070423, -0.054226
0.040970, -0.283233, -0.351278
-0.024416, -0.130700, -0.332391
0.253695, -0.083385, -0.077446
0.188873, -0.025860, -0.067626
0.101381, -0.000892, -0.136762
0.182168, -0.013379, -0.082690
0.124625, -0.007172, -0.126489
0.136471, -0.009294, -0.132519
0.316395, -0.053505, -0.206256
0.218968, -0.032891, -0.149625
0.281983, -0.078989, -0.122903
0.239083, -0.038440, -0.074177
0.403001, -0.075199, -0.251101
0.380095, -0.231216, -0.205292
-0.352431, -0.212541, -0.332837
-0.071778, -0.335512, -0.756034
0.154894, -0.090372, -0.110030
-0.053450, -0.157388, -0.332525
-0.237006, -0.067546, -0.114046
-0.106459, -0.002457, -0.134000
-0.224546, -0.001556, -0.251629
-0.521573, -0.139563, -0.646161
0.203705, -0.086961, -0.092570
0.186651, -0.287327, -0.292734
-0.294889, -0.087064, -0.249756
-0.339521, -0.118359, -0.265592
-0.166805, -0.021611, -0.218158
-0.347123, -0.155666, -0.320300
-0.026128, -0.096580, 0.017925
-0.125278, 0.035064, -0.078480
-0.098502, 0.021635, -0.086999
-0.090787, 0.021389, -0.077576
-0.337742, -0.045724, -0.398645
-0.312809, -0.200262, -0.296494
-0.430854, -0.151756, 0.084762
-0.245651, 0.016834, 0.045635
-0.064652, 0.038490, 0.001150
-0.058441, -0.153107, -0.312136
-0.244089, -0.136338, -0.403616
-0.055697, -0.025436, -0.314232
0.195000, -0.025215, -0.055102
-0.181832, -0.115164, -0.047473
-0.292286, 0.045097, 0.038566
-0.178003, -0.144301, -0.335329
-0.050781, -0.167837, -0.331474
0.192133, -0.069895, -0.042282
0.192584, -0.069329, -0.041610
-0.243226, -0.190040, -0.298583
-0.227267, -0.012672, -0.259731
-0.352963, -0.176666, -0.229697
-0.362078, -0.135790, -0.318499
-0.137939, 0.008942, -0.215646
-0.352779, -0.176726, -0.181328
-0.512019, -0.141009, -0.326515
-0.164204, 0.015104, -0.067979
-0.352846, -0.134695, 0.078175
-0.042117, 0.026121, -0.032819
0.191332, -0.079445, -0.065191
-0.289172, -0.185186, -0.364788
-0.157377, -0.017448, -0.313119
-0.212311, -0.074731, -0.371066
-0.138662, -0.023321, -0.336786
-0.032801, -0.171813, -0.322872
-0.095890, -0.132365, -0.335723
-0.166565, -0.161487, -0.370963
-0.156122, -0.144953, -0.350390
-0.073033, -0.044916, 0.162349
0.021330, -0.042349, 0.018220
-0.081203, -0.055627, -0.321604
-0.955259, -0.165753, 0.213236
-0.205329, -0.220652, -0.337504
0.081230, -0.011107, -0.198702
0.011978, -0.258639, -0.301726
-0.042464, 0.013991, 0.004793
-0.107142, 0.035495, -0.088039
-0.054818, -0.193038, -0.363099
0.216219, -0.123864, -0.117432
-0.025318, -0.055552, -0.282403
-0.006591, -0.023085, -0.210605
0.091294, -0.294398, -0.374797
0.189316, -0.114187, -0.135631
-0.706688, -0.055323, -0.052578
-0.161770, -0.103445, 0.001372
-0.312644, 0.094889, 0.083384
-0.085525, -0.110007, -0.312203
-0.279246, -0.058932, -0.448631
-0.133694, -0.022736, -0.330399
-0.070200, -0.092294, 0.025757
0.182468, -0.072885, -0.054081
-0.173239, -0.081287, 0.016632
-0.005041, -0.069493, -0.038493
-0.132864, -0.015988, -0.137262
-0.510392, -0.142688, -0.328864
-0.418731, -0.096177, -0.258483
-0.116377, 0.018954, -0.095923
-0.285732, -0.127399, 0.050601
-0.043596, 0.024244, 0.005847
-0.169810, 0.034132, -0.077687
-0.408133, -0.140867, -0.210289
-0.272252, -0.172713, -0.211274
-0.981448, -0.022017, 0.085835
-0.032833, -0.059747, 0.006390
-0.163287, -0.011663, -0.066015
-0.429529, -0.138812, 0.050194
-0.141955, 0.010915, -0.069053
-0.058297, 0.013972, 0.001470
-0.283525, -0.150424, -0.110027
-0.120547, 0.002078, -0.074491
-0.656613, -0.117131, 0.065904
-0.141706, 0.047322, 0.039001
-0.129182, -0.007714, -0.090363
-0.111310, 0.030950, -0.097514
-0.234808, -0.086393, -0.314743
-0.312387, -0.197677, -0.380386
-0.373004, -0.074757, -0.266590
-0.116498, 0.002073, -0.093725
-0.240057, -0.014300, -0.164459
-0.084470, 0.001467, -0.103180
-0.099398, 0.021228, -0.107795
-0.010936, 0.018138, 0.009711
0.196580, -0.030446, 0.019706
-0.287024, -0.131486, 0.002349
-0.110170, -0.055248, 0.162723
-0.367893, -0.201778, 0.006105
-0.536893, -0.202327, -0.004352
-0.230526, -0.057571, -0.053331
-0.909776, -0.089892, 0.091379
-0.170054, 0.052698, 0.019951
-0.124252, 0.037193, -0.001474
-0.501559, -0.077114, 0.126521
-0.453164, -0.046923, 0.229587
-0.297611, 0.090028, 0.081985
-0.376994, 0.083170, 0.094776
-0.327325, 0.055517, 0.183431
-0.030982, 0.033468, 0.025240
-0.120068, 0.015898, -0.070548
-0.343708, 0.026182, 0.040491
-0.973312, -0.166094, -0.049898
-0.763453, -0.111691, 0.230826
-0.827807, -0.165649, 0.173136
-0.016866, -0.016763, 0.013409
-0.387690, -0.068513, -0.102700
-0.075153, 0.028677, 0.002318
-0.020151, 0.016120, -0.007445
-0.289785, 0.106882, 0.128669
-0.676737, -0.100779, 0.314328
-0.730516, 0.008166, 0.303971
-0.088482, -0.000282, -0.083901
-0.044887, 0.030530, 0.019339
-0.063358, 0.031874, 0.008483
-0.071487, -0.041406, 0.141419
-0.406883, 0.067774, 0.076450
-0.076474, -0.038045, 0.163074
-0.264016, 0.051441, 0.135605
-0.688739, -0.129580, 0.276806
-0.904401, -0.065211, 0.199915
-0.401433, 0.079672, 0.091715
-0.361636, 0.080440, 0.091842
-0.167076, -0.123257, 0.008071
-0.266019, 0.090182, 0.075559
-0.054539, 0.007859, -0.010169
-0.109481, 0.006783, -0.095714
-0.068629, 0.043599, 0.025368
-0.176458, -0.080034, 0.027092
-0.057634, 0.030413, 0.023324
-0.034667, -0.051218, 0.003608
-0.782939, 0.048520, 0.197630
-0.496581, -0.105274, 0.256612
-0.070088, 0.028113, 0.002780
-0.070299, 0.033040, 0.021825
-0.912573, 0.054912, 0.219289
-0.285447, 0.003256, 0.007007
-0.064517, 0.030127, 0.029341
-0.138197, -0.015396, -0.057943
-0.428365, -0.163050, -0.055896
-0.132628, 0.024965, -0.071072
-0.791899, -0.050818, 0.158898
-0.992709, -0.035936, 0.274730
-1.028390, -0.092938, 0.242899
-0.235464, 0.125405, 0.171747
-0.329242, -0.098320, 0.145340
-0.055907, -0.015200, -0.004576
-0.052406, 0.026998, 0.004652
-0.190686, -0.149675, -0.016071
-0.697113, -0.038285, 0.170049
-0.148953, 0.090930, 0.123816
-0.230338, 0.098346, 0.156745
-0.768471, -0.108736, 0.284263
-0.350072, 0.089619, 0.076862
-0.224594, 0.032498, -0.030744
-0.285950, 0.091687, 0.120554
-0.734928, -0.035259, 0.235826
-0.573740, -0.084717, 0.137154
-0.049711, 0.029368, 0.009394
-0.607009, -0.040427, 0.115534
-0.669185, 0.036401, 0.248322
-0.831839, -0.072365, 0.118356
-0.780865, -0.092087, 0.289388
-0.789504, -0.096310, 0.310246
-0.874960, -0.099529, 0.214250
-0.817915, -0.039428, 0.190983
-1.121914, -0.169884, 0.091129
-0.630164, -0.100359, 0.201124
-0.110591, 0.032564, 0.000412
-0.367907, -0.101002, 0.140913
-0.557320, -0.055296, 0.090053
-0.425822, 0.166616, 0.447806
-0.302392, 0.068523, 0.068168
-0.467374, -0.201089, -0.055615
-0.354453, -0.140157, 0.056959
-0.398949, 0.077299, 0.047110
-0.315933, 0.071145, 0.086152
-0.740564, 0.000607, 0.138344
-0.162503, -0.063056, -0.004066
-0.329379, 0.117397, 0.139946
-0.102220, -0.046237, 0.157963
-1.077839, -0.073446, 0.232905
-0.571445, -0.090027, 0.252781
-0.441645, 0.121970, 0.492619
-0.145269, 0.059990, 0.167535
-0.581804, -0.123705, 0.200020
-0.251053, -0.167524, -0.058727
-0.365301, 0.093160, 0.077231
-0.577595, -0.068090, 0.187663
-0.649076, -0.004083, 0.061978
0.004922, 0.029510, 0.081398
-0.652143, -0.028149, 0.425230
-0.134199, 0.034465, -0.007037
-1.098447, -0.152281, 0.198127
-0.964467, 0.023862, 0.205518
-0.259398, 0.110853, 0.129000
-0.367878, 0.098320, 0.183229
-0.736003, 0.012843, 0.187070
-0.096608, -0.044986, 0.154748
-0.038487, 0.064497, 0.124972
-0.059512, 0.073796, 0.137198
-0.072438, -0.024901, 0.127743
-0.258835, 0.080028, 0.150513
-0.420720, 0.096808, 0.403267
-0.495851, -0.087054, 0.295483
-0.012430, -0.056376, 0.007591
-0.304323, 0.072563, 0.323695
-0.277375, 0.114247, 0.187481
-0.047844, 0.066561, 0.113700
0.024905, -0.052270, 0.010429
-0.392952, -0.061128, 0.426534
-0.191910, -0.113492, 0.005477
-0.269766, -0.111041, 0.019136
-0.523558, -0.082305, 0.145051
-0.436412, -0.093694, 0.244378
-0.586857, 0.091084, 0.137699
-0.682920, -0.091436, 0.054112
-0.131929, 0.076031, 0.103201
-0.116046, -0.073955, 0.021557
-0.265871, 0.118734, 0.206717
-0.468128, -0.066797, 0.482854
-0.396722, 0.147211, 0.205820
-0.613289, -0.011396, 0.191740
-1.154280, 0.008491, 0.194415
-0.587821, -0.109255, 0.063062
-0.347579, -0.150186, -0.000465
-0.304214, 0.046752, 0.146231
-0.038565, -0.066697, 0.005798
-0.470087, -0.230127, 0.003149
0.070910, -0.023475, 0.007136
-0.050526, 0.067329, 0.114900
-0.067625, 0.068234, 0.122928
-0.229433, 0.101470, 0.170743
-0.399773, 0.078993, 0.064458
-0.894925, -0.075257, 0.125221
-0.273988, 0.104430, 0.119283
-0.435412, -0.168155, 0.027566
-0.101569, 0.070194, 0.142291
-0.430913, -0.049777, 0.246338
-0.296273, 0.049621, 0.067876
-0.325738, 0.056404, 0.068044
-0.181206, 0.069957, 0.185585
-0.169692, 0.093284, 0.176396
-0.615007, 0.092001, 0.166020
-0.764601, -0.124508, 0.150524
-0.469920, -0.089939, 0.309671
-0.375740, 0.102783, 0.096007
-0.419104, 0.149262, 0.448962
-0.108323, 0.004513, 0.154899
-0.795626, -0.050818, 0.361380
-0.386939, 0.083160, 0.298993
-0.519510, 0.116988, 0.472525
-0.702965, -0.094245, 0.304076
-0.522862, -0.095919, 0.337049
-0.278972, 0.019969, 0.039013
0.211931, -0.233930, -0.127847
0.369897, -0.141628, -0.249523
0.302346, -0.157053, -0.233532
0.345353, -0.024791, 0.379794
0.295432, -0.016177, 0.452386
0.362497, -0.032885, 0.379347
0.345903, -0.026786, 0.373150
0.346975, -0.050375, 0.408787
0.353082, -0.067907, 0.385119
0.222891, -0.156800, -0.190916
0.224198, -0.028782, -0.049220
0.039293, -0.235772, -0.364649
0.303982, -0.013012, -0.134481
0.356169, -0.053610, 0.339232
0.361749, -0.049115, 0.289336
0.367769, -0.096803, 0.247917
0.303808, -0.038146, 0.419256
0.347282, -0.055235, 0.363928
0.350719, -0.036256, 0.331533
0.316615, -0.016096, 0.296149
0.317042, 0.008735, 0.253450
0.338684, -0.069068, 0.220895
0.355063, -0.048187, 0.271853
0.028283, -0.081854, -0.267159
-0.138968, -0.062845, -0.276779
-0.173146, -0.051108, -0.312578
0.202484, -0.108106, -0.118441
0.318393, -0.026372, 0.210665
0.363247, -0.109426, 0.145419
0.335989, -0.026249, 0.115048
0.281177, -0.082558, -0.283607
0.049027, -0.237828, -0.344671
0.362446, -0.056587, 0.266617
0.365665, -0.091768, 0.249289
0.356722, -0.044180, 0.308703
0.353977, -0.072838, 0.274136
0.335000, -0.067474, 0.498311
0.294605, 0.014795, 0.428503
0.299707, -0.041999, 0.465803
0.359194, -0.084170, 0.370162
0.302963, -0.033831, 0.413129
0.346732, -0.047684, 0.380440
-0.332254, -0.158020, -0.043635
-0.073546, -0.098861, -0.006820
0.196532, -0.254205, -0.315477
0.324588, -0.034462, 0.203335
0.847734, -0.183337, 0.373731
0.322952, -0.005666, 0.352685
0.361699, -0.033325, 0.289307
0.306617, 0.008252, 0.443185
0.300299, 0.009286, 0.431201
0.304650, 0.010662, 0.430414
0.083513, 0.042580, 0.405998
0.297329, -0.027707, 0.433180
0.301888, 0.010144, 0.431634
0.299268, -0.023746, 0.424044
0.349808, -0.072524, 0.380065
0.376524, 0.040324, 0.449872
0.264202, 0.002490, 0.401744
0.351156, -0.062248, 0.382830
0.323978, 0.011707, 0.432827
0.300315, 0.008934, 0.407537
0.356295, -0.085862, 0.417269
0.204287, 0.026335, 0.452871
0.305144, -0.011377, 0.215609
0.181386, -0.016242, 0.499460
0.359802, -0.084353, 0.241464
0.357625, -0.047668, 0.293784
0.191814, -0.270414, -0.283176
0.276997, -0.064436, -0.179594
0.330166, -0.048825, 0.126310
0.325040, -0.015950, 0.338864
0.355681, -0.071728, 0.298883
0.310485, 0.005748, 0.379056
0.348523, -0.057590, 0.352204
0.356735, -0.072549, 0.398967
0.358014, -0.050452, 0.291622
0.363661, -0.087820, 0.287738
0.282506, 0.021729, 0.404774
0.347596, -0.049065, 0.375847
0.302085, -0.024120, 0.460805
0.302345, -0.020819, 0.476500
0.297564, -0.039130, 0.464751
0.196907, -0.313161, -0.185201
0.192255, -0.110439, -0.103423
0.233233, -0.185254, -0.065314
-0.346825, -0.159461, -0.497765
-0.050195, -0.064171, -0.312320
0.296195, -0.026274, 0.436620
0.336471, -0.012271, 0.354563
0.347134, -0.008111, 0.188318
0.217629, -0.029237, 0.477929
0.358429, -0.048545, 0.331833
0.369559, -0.059427, 0.299622
0.184829, -0.017643, 0.503359
0.303242, 0.010307, 0.429314
0.324386, -0.035067, 0.211232
0.324740, -0.032367, 0.226088
0.306339, 0.011259, 0.409064
0.357400, -0.013189, 0.406208
0.243854, -0.203030, -0.187984
0.262373, 0.014172, 0.467693
0.205349, 0.076440, 0.437135
0.196727, 0.021541, 0.476566
0.299593, -0.019049, 0.448056
0.299854, -0.018755, 0.437499
0.201026, 0.025235, 0.489040
-0.111906, 0.023561, -0.091375
-0.335305, -0.159848, -0.043911
-0.177552, -0.010270, -0.245674
0.296849, -0.023074, 0.425051
0.310171, 0.055367, 0.391023
0.299462, -0.029374, 0.418852
0.379362, -0.096633, 0.342966
0.351958, -0.067349, 0.311593
0.345095, -0.056519, 0.349217
0.363201, -0.096152, 0.213809
0.322371, 0.008126, 0.250331
0.376925, -0.076717, 0.226563
0.349950, -0.065713, 0.313929
0.335458, 0.005223, 0.436296
0.362960, -0.085327, 0.297358
-0.289972, -0.163837, -0.392816
-0.187463, -0.082378, -0.277212
-0.014661, -0.002890, -0.212804
0.352090, -0.063152, 0.335283
0.356585, -0.070604, 0.309624
0.362121, -0.082436, 0.309665
0.312411, -0.003056, 0.326683
0.359292, -0.049858, 0.334244
0.325974, -0.011465, 0.335518
0.354485, -0.069427, 0.312388
0.362217, -0.082491, 0.310208
0.361986, -0.088665, 0.321924
0.359983, -0.066614, 0.377573
0.300524, -0.028278, 0.434049
0.198748, -0.024309, -0.045333
0.301356, -0.014771, 0.436673
0.296295, -0.023079, 0.424358
0.362128, -0.032989, 0.379038
0.364964, -0.104241, 0.140026
0.360631, -0.052468, 0.285356
0.362190, -0.047225, 0.315393
0.349069, -0.068777, 0.159502
0.374715, -0.050760, 0.475051
0.305690, 0.018760, 0.445468
0.302898, -0.026169, 0.423815
0.307665, 0.010743, 0.398237
0.354868, -0.033909, 0.406745
0.192194, 0.021998, 0.478035
-0.312959, 0.061784, 0.043534
-0.052798, 0.029756, 0.022106
0.258212, -0.307305, -0.312190
0.283375, -0.040951, 0.474007
0.356286, -0.076053, 0.278788
0.246807, -0.116804, -0.117833
0.248081, -0.117595, -0.122318
0.289195, -0.287648, -0.329600
-0.076614, 0.005845, -0.122351
0.372789, -0.061825, 0.415584
0.170207, -0.000481, 0.497836
0.186288, 0.000885, 0.514358
0.299380, 0.020357, 0.443952
0.300908, 0.010964, 0.428694
0.362167, -0.021472, 0.354092
0.324308, -0.005553, 0.357752
0.356719, -0.063877, 0.351970
0.366541, -0.022906, 0.353757
0.308508, -0.032937, 0.427447
0.357657, -0.032711, 0.372735
0.289825, 0.034385, 0.357904
0.349271, -0.050653, 0.405150
0.309795, 0.010857, 0.432670
0.370057, -0.036846, 0.402790
0.358263, -0.009808, 0.393187
0.350435, -0.029074, 0.387429
0.312292, -0.028721, 0.450706
0.359858, -0.045860, 0.330120
0.221175, -0.227421, -0.128958
0.308474, -0.141785, -0.286743
0.270556, -0.258583, -0.286998
0.307670, -0.133152, -0.286049
0.238015, -0.088038, -0.128095
0.154070, -0.297168, -0.316208
0.281811, -0.054499, -0.202386
0.318909, 0.005898, 0.382559
0.362395, -0.046732, 0.334203
0.352889, -0.023270, 0.339721
0.359821, -0.084255, 0.247423
0.376308, -0.049704, 0.240216
0.292072, -0.024502, 0.435029
0.222624, -0.007641, -0.062627
0.207531, -0.243644, -0.128730
0.256654, -0.027167, -0.050365
0.327641, 0.027758, 0.243133
0.325982, 0.019187, 0.245645
0.320922, -0.010714, 0.340305
0.351406, -0.035870, 0.336327
0.151024, -0.012409, 0.503199
0.147943, -0.009157, 0.495007
0.296500, 0.012082, 0.427664
0.109564, 0.039094, 0.442356
0.205034, 0.018524, 0.455268
0.344246, -0.139379, -0.021428
0.318559, 0.005615, 0.257344
0.357830, -0.048569, 0.334770
0.207290, -0.002691, 0.470288
0.305488, -0.009231, 0.470501
0.351969, -0.051837, 0.400994
0.335633, 0.032909, 0.363990
0.320522, -0.029434, 0.427703
0.384266, 0.025165, 0.347914
0.046780, -0.048050, -0.226628
0.317267, 0.053013, 0.431586
0.369438, -0.017452, 0.407400
0.294982, -0.031105, 0.411631
0.351050, -0.023531, 0.394303
0.306615, -0.036786, 0.432836
0.296966, -0.020165, 0.436208
0.208540, -0.004567, 0.463660
0.354656, -0.062678, 0.352100
0.259886, 0.009389, 0.398752
0.447518, 0.018222, 0.349179
0.355276, -0.047770, 0.270414
0.345752, -0.052248, 0.407480
0.364760, -0.109215, 0.245740
0.360522, -0.049044, 0.288225
0.314253, 0.007028, 0.324001
0.236038, 0.041285, 0.369515
0.295147, -0.059781, 0.484673
0.283039, -0.024216, 0.430969
-0.251375, -0.061891, -0.393759
0.294805, -0.271350, -0.324439
0.220496, -0.100432, -0.163594
0.273503, 0.023506, 0.304526
0.338864, -0.044841, 0.427178
0.359540, -0.045792, 0.330481
0.344851, -0.030731, 0.337443
0.357206, -0.051322, 0.332059
0.307774, 0.005693, 0.495221
-0.168564, 0.052708, 0.040087
0.301566, 0.043077, 0.401250
0.366048, -0.084084, 0.308739
0.327333, 0.043789, 0.397711
0.301262, -0.037784, 0.414138
0.305195, 0.006555, 0.414201
0.302678, -0.025605, 0.411408
0.311414, 0.092216, 0.433353
0.350489, -0.031149, 0.360944
0.305452, 0.005922, 0.375350
0.331655, -0.016293, 0.342947
0.314327, 0.003174, 0.371829
0.354315, -0.034939, 0.335183
0.362508, -0.048356, 0.300918
0.348041, -0.056717, 0.343860
0.360020, -0.045988, 0.313019
0.301773, 0.012553, 0.428276
0.344109, -0.062348, 0.393055
-0.549939, -0.295535, -0.682027
-0.157258, -0.022736, -0.206777
-0.654283, -0.177748, -0.383771
0.209144, -0.138323, -0.158166
0.213376, -0.127877, -0.118813
0.115076, 0.001270, 0.469841
0.286765, -0.000421, 0.452073
0.323623, -0.028081, 0.252991
0.363349, -0.093371, 0.205585
0.242220, -0.033725, -0.042176
0.230435, -0.111781, -0.155949
0.298113, 0.001301, 0.430979
-0.111458, -0.011840, -0.068586
0.304372, 0.003582, 0.404597
0.303016, -0.030450, 0.412434
0.365120, -0.091610, 0.254619
0.320750, 0.002386, 0.384451
0.305428, 0.007972, 0.377473
0.350395, -0.026045, 0.389891
0.356649, -0.034039, 0.354098
0.303113, -0.051270, 0.470112
0.232745, -0.068775, -0.059514
0.335324, -0.025751, 0.117148
0.211219, -0.012221, 0.448715
-0.167545, -0.030834, -0.251609
-0.369467, -0.149301, -0.358767
-0.335897, -0.152853, -0.312824
-0.275328, -0.175299, -0.220456
-0.171825, -0.022471, -0.221285
-0.288147, -0.178582, -0.294107
-0.133219, -0.018593, -0.291887
-0.352988, -0.209981, -0.311896
0.367771, -0.088840, 0.298925
0.290240, 0.031822, 0.352288
0.368333, -0.067555, 0.294078
-0.039661, -0.067166, 0.005794
0.224217, -0.145452, -0.201777
0.327391, -0.041574, 0.159184
0.324565, -0.082852, 0.072525
0.338734, -0.072253, -0.243892
0.287764, -0.058445, 0.477089
0.348481, -0.047976, 0.406012
0.352965, -0.029559, 0.404396
0.351004, -0.051470, 0.401390
0.350548, -0.034975, 0.339271
0.356414, -0.034073, 0.338213
0.365692, -0.051252, 0.363096
0.366887, -0.083327, 0.300785
0.361135, -0.046324, 0.318163
0.354162, -0.073299, 0.271340
0.363208, -0.106143, 0.219676
0.232353, 0.038838, 0.356763
0.279566, 0.030820, 0.342865
0.376496, -0.072900, 0.224987
0.343201, -0.055610, 0.414179
0.349640, -0.066695, 0.377210
0.336820, -0.017166, 0.401973
0.361430, -0.051994, 0.363348
0.305570, 0.008838, 0.397265
0.365799, -0.032444, 0.411365
0.377921, 0.013278, 0.457036
0.199173, 0.011263, 0.507215
0.301261, 0.087125, 0.433793
-0.153517, -0.006882, -0.099252
-0.127909, 0.033055, -0.071515
0.353481, -0.208793, -0.086688
0.461695, 0.030928, 0.451883
0.369603, -0.101958, 0.226199
0.355429, -0.080509, 0.247509
0.372844, -0.080359, 0.245138
0.309558, 0.001704, 0.366738
0.364620, -0.078756, 0.298837
0.324788, 0.004328, 0.415345
0.304565, 0.007980, 0.394581
0.324260, -0.040494, 0.401452
0.346741, -0.048280, 0.395841
0.359369, -0.029637, 0.410159
0.312312, 0.013633, 0.398442
0.242664, -0.018502, -0.043344
0.222121, -0.037347, -0.148093
0.135211, 0.036919, 0.453104
0.298358, -0.027204, 0.436303
0.349671, -0.069144, 0.393774
0.290986, 0.036796, 0.368740
0.301151, 0.048229, 0.456360
0.389372, 0.011749, 0.460986
0.344491, -0.046848, 0.395943
0.351212, -0.064838, 0.385855
0.347014, -0.064855, 0.388585
0.302422, -0.025398, 0.411380
0.350038, -0.026245, 0.389227
0.294570, 0.018051, 0.430010
0.210263, 0.023965, 0.457947
0.176979, -0.009874, 0.494750
0.146137, -0.004258, 0.482575
0.299335, -0.030318, 0.435704
0.362778, -0.051459, 0.294910
0.362390, -0.050538, 0.295026
0.300617, 0.026693, 0.332783
0.295830, -0.219074, -0.247899
0.299848, -0.064578, 0.472835
0.303606, 0.013197, 0.412910
0.348206, -0.050126, 0.404585
0.338334, -0.058144, 0.385194
0.354574, -0.050098, 0.379968
0.213488, 0.021570, 0.459859
0.361801, -0.029808, 0.404803
0.350150, -0.065629, 0.396249
0.348845, -0.021913, 0.398738
0.305693, 0.011267, 0.402818
0.352045, -0.027541, 0.404397
0.352753, -0.058641, 0.399565
0.351239, -0.031936, 0.399121
0.356195, -0.083507, 0.344404
0.323894, 0.004659, 0.388714
0.352333, -0.058405, 0.364533
0.296235, 0.003930, 0.431396
0.358121, -0.048187, 0.289803
0.355800, -0.041602, 0.443720
0.146694, 0.035260, 0.458531
0.195736, 0.021738, 0.475483
0.296677, -0.020235, 0.436430
0.295016, 0.006083, 0.442633
0.295732, -0.025619, 0.435947
0.282893, -0.027979, 0.414948
0.388395, -0.057061, 0.482610
0.328060, -0.153714, 0.021127
0.003019, -0.270579, -0.345137
-0.012072, -0.088477, -0.314219
-0.066726, -0.188442, -0.327938
0.283576, -0.074422, -0.210389
0.303469, 0.014079, 0.421498
0.195565, 0.000249, -0.053865
0.348980, -0.054279, -0.186822
0.300804, -0.014399, 0.436214
0.300139, -0.002127, 0.470316
0.306523, 0.004996, 0.373457
0.302529, 0.007616, 0.403700
0.305305, -0.095408, -0.543830
0.286516, 0.009798, 0.481368
0.319436, -0.009135, 0.254565
0.368282, -0.118620, 0.159877
0.390992, -0.120180, -0.274862
0.273758, -0.020641, -0.085423
0.354293, -0.063787, 0.377736
0.299984, 0.012700, 0.396553
0.098611, -0.247457, -0.387187
0.202092, -0.093027, -0.074443
0.240489, -0.009993, -0.062617
0.286370, 0.069534, 0.431443
0.368485, -0.063973, 0.284878
0.367499, -0.049127, 0.315652
0.345633, -0.057801, 0.343471
0.317433, -0.012811, 0.257103
0.346036, -0.055488, 0.342263
0.336854, -0.160777, -0.306263
0.322014, -0.062724, 0.141409
0.209847, -0.204734, -0.116048
0.279151, -0.028879, -0.071060
0.231436, -0.223157, -0.117905
0.314869, 0.010719, 0.323297
0.346023, -0.061397, 0.277191
0.336718, -0.044836, 0.244888
0.294043, 0.060135, 0.385450
0.208757, 0.001135, 0.471150
0.355062, -0.064861, 0.380560
0.313250, 0.018260, 0.414937
0.299710, -0.012400, 0.446674
0.185107, 0.031983, 0.462083
0.350562, -0.048390, 0.411151
0.295868, 0.056317, 0.389042
0.297727, 0.071738, 0.385216
0.291117, 0.019294, 0.444915
0.350750, -0.024428, 0.406792
0.398565, -0.114445, 0.520459
0.355604, -0.023128, 0.408070
0.210849, 0.024255, 0.508857
0.352691, -0.083530, 0.424021
0.425653, 0.032135, 0.444207
0.300524, 0.011132, 0.428779
0.305173, 0.011852, 0.403525
0.336551, -0.041015, 0.412058
0.275764, -0.021541, 0.430898
0.361122, -0.051022, 0.330867
0.346291, -0.040960, 0.334738
0.208875, 0.007867, 0.476280
0.269104, 0.015663, 0.406004
0.304796, 0.011606, 0.402880
0.304943, -0.011037, 0.415480
0.345273, -0.052888, 0.409619
0.303639, -0.001394, 0.405663
0.299056, 0.013250, 0.396415
0.303387, -0.005856, 0.433983
0.354073, -0.067828, 0.400554
0.299920, -0.031236, 0.433780
-0.133602, -0.015410, -0.057388
-0.292932, -0.106241, -0.124973
-0.202670, -0.017933, -0.217528
-0.148496, 0.001089, -0.218953
-0.100807, -0.001964, -0.237410
-0.233840, -0.186455, -0.289195
-0.152447, -0.049804, -0.296991
-0.170351, -0.034548, -0.280211
0.254882, 0.041069, 0.373307
0.353092, -0.033727, 0.348483
0.170494, 0.032270, 0.466314
0.304478, 0.038464, 0.429373
0.352705, -0.025575, 0.387100
0.355627, -0.073109, 0.389898
0.294851, -0.011649, 0.433315
0.342608, -0.048503, 0.427602
0.302942, -0.033800, 0.413500
0.296157, -0.022832, 0.422672
0.348141, -0.021319, 0.398196
0.302770, -0.016976, 0.422325
0.186103, -0.014006, 0.488904
0.148381, 0.035332, 0.460246
0.298180, -0.016536, 0.418055
0.290562, 0.014042, 0.411971
0.376247, -0.103311, 0.161656
0.361994, -0.097659, 0.208436
0.376524, -0.145856, 0.150039
0.302016, -0.017010, 0.421327
0.307787, 0.044974, 0.420551
0.206335, -0.212874, -0.134344
0.307912, 0.005563, 0.385374
0.355897, -0.068972, 0.397495
0.309917, -0.027185, 0.417765
0.358868, -0.031466, 0.374724
0.189754, -0.256215, -0.335217
0.268667, -0.014485, 0.049165
0.291327, 0.016722, 0.458595
0.205230, 0.024136, 0.459205
0.342672, -0.043408, 0.409808
0.289433, -0.273840, -0.307493
0.318957, -0.089189, -0.329865
0.365213, -0.166323, -0.235443
0.252090, -0.041091, -0.081906
0.309797, 0.001081, 0.216536
0.387158, -0.115811, -0.253633
0.402380, -0.133226, -0.324356
0.386292, -0.083829, 0.387200
0.312644, 0.022112, 0.322986
0.359288, -0.047700, 0.306221
0.353901, -0.043657, 0.317894
0.367653, -0.042135, 0.332332
0.356553, -0.067259, 0.381891
0.391063, -0.036906, 0.423769
0.609118, -0.153481, 0.500780
0.357883, -0.083326, 0.371161
0.354620, -0.062920, 0.348514
0.349769, -0.025032, 0.369915
0.290338, 0.005841, 0.436124
0.244934, 0.041315, 0.370973
0.362980, -0.034305, 0.372845
0.314443, 0.013829, 0.322824
0.360050, -0.045274, 0.309222
0.336163, -0.036446, 0.409286
0.241276, -0.207183, -0.129943
-0.072807, -0.299986, -0.841665
0.292908, -0.025193, 0.431720
0.357795, -0.080476, 0.348572
0.308059, 0.005740, 0.414844
0.295991, -0.016544, 0.446588
0.388804, 0.006626, 0.442084
0.301378, -0.025206, 0.411159
0.297902, 0.013576, 0.425887
0.300300, -0.036012, 0.418323
0.348838, -0.047490, 0.426150
0.350995, -0.077982, 0.375733
0.297032, -0.043597, 0.465651
0.351800, -0.032986, 0.338810
0.203175, 0.022269, 0.455471
0.346453, -0.022236, 0.391178
0.211895, 0.008888, 0.486118
0.352088, -0.000715, 0.049019
0.333820, 0.003503, 0.061804
0.338960, -0.007841, 0.108238
0.324255, -0.039345, 0.187554
0.358359, -0.081343, 0.379439
0.296664, -0.025690, 0.437571
0.213650, 0.006162, 0.473158
0.308647, 0.006639, 0.414435
0.297603, -0.021372, 0.435313
0.345188, -0.023668, 0.382056
0.299354, 0.010517, 0.414359
0.304353, 0.007066, 0.403677
0.317053, -0.013938, 0.344199
0.360472, -0.083135, 0.297366
0.306415, -0.006550, 0.434935
0.299192, 0.051714, 0.390493
0.286600, -0.005590, 0.461646
0.209110, 0.018961, 0.463175
0.350138, -0.070036, 0.396968
0.322924, -0.031403, 0.227218
0.367534, -0.104920, 0.170194
0.361723, -0.079818, 0.293625
0.359145, -0.051583, 0.334772
-0.273658, -0.138019, -0.406789
0.168942, -0.000277, 0.494149
0.304372, -0.020953, 0.417493
0.309052, 0.073042, 0.386415
0.306047, -0.001610, 0.434232
0.296522, -0.017196, 0.435701
0.302012, 0.011700, 0.435699
0.343467, -0.043708, 0.409843
0.207871, 0.008459, 0.468113
0.206328, 0.036193, 0.452187
0.193910, 0.029303, 0.365974
0.350003, -0.024393, 0.375812
0.294970, 0.007105, 0.431215
0.303243, 0.010179, 0.420025
0.202457, 0.021743, 0.479649
0.295729, 0.000769, 0.430666
0.191586, 0.032412, 0.452632
0.353340, -0.023722, 0.399285
0.349692, -0.029065, 0.387675
0.319926, -0.028813, 0.426177
0.352308, -0.026878, 0.388752
0.374211, -0.020137, 0.430945
0.297039, -0.015301, 0.420359
0.327656, -0.014136, 0.411547
0.301554, -0.004998, 0.433341
0.137142, 0.042159, 0.442973
0.306425, 0.045454, 0.420893
0.332043, 0.010866, 0.436565
0.305527, -0.010989, 0.418989
0.177636, -0.009745, 0.493212
0.374634, 0.039919, 0.448794
0.295208, 0.019424, 0.436059
0.203373, -0.005555, 0.485156
0.305121, 0.012072, 0.403314
0.298161, 0.011315, 0.430469
