1728817594.60052  0.000717664792264275 -0.000339644591310808 -0.000566425096190078 -0.000100248593275768 7.20488692168614e-05 2.08538078991099e-05 0.999999992162149
1728817595.8549  0.000546737601282257 -0.000235679772545001 -0.000649893699238345 -2.74577913362062e-05 0.000196111568063403 0.000182342068269632 0.999999963768846
1728817603.37739  0.000233890553077331   0.00139892944912801 -0.000632428408796605 -0.000349839303729992 -0.0121658715573342 0.00146706170990693 0.999924855632488
1728817611.00375 0.00109180334649683 0.00169012824084193 0.00394325194497609 -0.0018265742783183 -0.0171090432523255 0.00260695365517412 0.999848562562369
1728817614.17414 0.00103663079580349 0.00606898858178493   0.026834359745379 -0.00437240620009677 -0.0161232069728805 0.00529060836940709 0.999846455073984
1728817621.69649 0.00115435083955526  0.0142272268807703  0.0576738586851518 -0.00533270875373343 -0.0312192099486328 0.00756347820982691 0.999469717872883
1728817624.02704 -0.000415637970242228    0.0228557054782767    0.0934547663796585 -0.00138627275951801 -0.0306950625219091 0.00716347562143349 0.999502164080515
1728817625.84895 -0.000164364127954291    0.0286214659689296     0.118785611459713 -0.00533981971000063 -0.045877792162283 0.0117402281324982 0.998863795297024
1728817627.6167 0.00107342752348515  0.0353321945038734   0.143505737952974 -0.00553248078463632 -0.031734169772693 0.00758210648107324 0.999452272890764
1728817629.66151 0.00100532590777233  0.0425552720795362   0.172365729923964 -0.00449149636338711 -0.0200504875777838 0.00545728866554369 0.999773985663126
1728817631.20882 -0.00105401928146688   0.0497106726127313     0.20218852516034 -0.00239840456802015 -0.0266287421341328 0.00708547459822068 0.999617403708839
1728817632.79577 -0.00286685382135468   0.0574490418067636    0.231646691078643 -0.00202379716697603 -0.0308667835094079 0.00754714671139199 0.999492964706269
1728817634.12565 -0.00317831904619589   0.0608519684727373    0.240301406939063 0.000161760806975938 -0.0182350653720235 0.00205827788614719 0.999831595678224
1728817634.44362 -0.00221935797120983   0.0610433005009529    0.240941411162418 0.00434294918013374 0.0125770146935804 -0.00563685509190042 0.999895586228127
1728817634.79779 -0.00144169209207564   0.0599994461784328    0.240429028176621 0.00622692015417365 0.0326511348121397 -0.00805647704231972 0.999414939871593
1728817635.31628 -0.00222151733467655   0.0590915178177917    0.240209262494891 0.00359143537149761 0.0175460869869194 -0.00236824005024587 0.999836800614222
1728817636.7831 -0.00292736334796735   0.0591144228738134    0.239825226017571 -5.08318272276696e-05 -0.0133710897509927 0.00448990273947309 0.99990052112617
1728817637.33738 -0.00309205445541454   0.0608150495480408    0.240020476173666 -0.000294610379910459 -0.0263183030244074 0.00375237699700237 0.999646527427326
1728817640.2663 -0.00242264172487672   0.0600110587929915    0.240497571214906 0.00266069145864453 0.00319514647426878 -0.00142046569431528 0.999990346972
1728817655.46948 -0.00285277851207277   0.0613350882222765    0.246395705945311 0.00267563340636386 0.00309347036467616 -0.00129819536969107 0.999990793015496
1728817656.60313 -0.0022083671234978  0.0645254684476847   0.256134965130855 0.00585340942254688 0.0255236670509412 -0.00886228111581854 0.999617796956331
1728817657.11701 -0.00102759849092949   0.0650601988008759    0.258587336845696 0.0097257724677991 0.0574878173270515 -0.0162400376135718 0.998166730254613
1728817657.67445 0.000584106171693739   0.0655317467091416    0.260835651506744 0.0139492484042974 0.088740682703234 -0.023948798833325 0.995669104038465
1728817658.06388 0.00149383665448767  0.0651229965892247   0.260754088167837 0.016805440485648 0.114147204849197 -0.0277704590888472 0.992933428985646
1728817659.59022 0.00303606834821495  0.0645937329291936   0.265474475551307 0.0182183523261011 0.128851797283835 -0.0308624661856525 0.991016051411977
1728817663.20614 0.00324120760819128  0.0649592237174926   0.260317142827603 0.0224696655680517 0.155831014260036 -0.038681128009231 0.98677027694387
1728817663.77188 0.00420171538175599  0.0646491941457833   0.259869974044395 0.0250019127230343 0.177019267166934 -0.0422490691446173 0.98298224783985
1728817664.69118 0.00526343208335458  0.0646696775934953    0.25939095888382 0.0277757841298714 0.198205616296001 -0.0477364322146711 0.978603225277797
1728817665.24132 0.0065872536550579 0.0645376881603576  0.258450871442215 0.0314783036567619 0.225635388262496 -0.0532327960441909 0.972246911739936
1728817665.77867 0.00826259164551381  0.0642350386928439   0.257161104824543 0.0349887002338888 0.252259280541124 -0.059797521984732 0.965176306485661
1728817666.22739 0.00924768160441844  0.0641620254209042   0.256296415990428 0.0384468915561982 0.276297823210542 -0.0646895931338265 0.958121394166189
1728817668.01278 0.0120952767983921 0.0653522968627137  0.264934734355619 0.0372893707520203 0.267720381635213 -0.0626779603947126 0.96073241507028
1728817668.70856 0.0175841336409478 0.0667684370817986  0.275602309094057 0.036184672626877 0.26320157616001 -0.0624779058841898 0.962035400102355
1728817669.42174 0.0248271177005129 0.0678467770807134  0.285092352278743 0.0326371776823969 0.255408126582849 -0.0615108701264196 0.964322516777793
1728817670.44346 0.0333766014215532 0.0722049786801206  0.301975099351224 0.036735003650438 0.270830619955357 -0.0621945251939152 0.95991309806529
1728817671.63969 0.0441282931978476 0.0761405209778312  0.321595862493956 0.0367630581620104 0.273835671228892 -0.0634990050378492 0.958973607080196
1728817672.38156 0.0500927060265859 0.0779735986851132  0.335246599925332 0.0357750653124931 0.279224878110832 -0.06327328131002 0.957470680500526
1728817673.35495 0.0601849288863183 0.0815015309519067  0.350695252745654 0.0355328576352744 0.278768823167507 -0.0646076440356832 0.957523478349347
1728817674.02699 0.0658071467357356 0.0837486814070344  0.362044165857791 0.0374791307052743 0.291279504286083 -0.0677534005068968 0.95349936647288
1728817674.75437 0.0706076474348871 0.0856161264495442  0.375520190603259 0.0374564965756401 0.287403106407364 -0.0660170571563958 0.954797472480989
1728817675.37444 0.0772770942067202  0.087924934656273  0.386443343983263 0.0390265069306031 0.283947438848992 -0.0657846922914505 0.955784054056152
1728817675.90888 0.0841776341041207  0.088751616398822   0.39341711767528 0.0389621448576852 0.300169846573857 -0.0731306601206274 0.950279917196105
1728817676.52234 0.0927089805394404 0.0904763928547343   0.40428758634305 0.0405992803269307 0.312200791860196 -0.0752418561954432 0.946161205648946
1728817677.20247  0.102590484706954 0.0918608856778774  0.415333397061215 0.0405483291072971 0.323804682339127 -0.0792781459405256 0.94192427311228
1728817677.55078  0.107829622788324 0.0923973312333618  0.419295111289738 0.0437911228135813 0.346858861792132 -0.0851154656132793 0.93302016327217
1728817677.87478  0.112512770080836 0.0930327232349921  0.422694899672433 0.0476787008605569 0.368085955329864 -0.0903055088682674 0.924166860497169
1728817678.19888 0.116385340267076 0.093597247171972 0.425031243640429 0.0521178572987915 0.393548956794663 -0.0957464353805382 0.912817379144556
1728817678.51764    0.1202895507047 0.0937714167726594  0.427498018313415 0.0557645192501955 0.417084113814244 -0.0999804890111112 0.901629115664351
1728817678.99768   0.12426094029504 0.0938545787683662  0.430107836700654 0.0582753276742157 0.440568638833196 -0.105177155943069 0.889629713155341
1728817679.51307  0.127763256380564 0.0946623910308061  0.433375382037295 0.0610579222941665 0.450561972884177 -0.10718646270418 0.884181486420522
1728817679.98628   0.13072378661882 0.0939672068033695  0.434791859909737 0.0613433439613091 0.472493009304867 -0.113047666921603 0.871898833187232
1728817680.29118  0.133361328463229 0.0935559588706084  0.436063852980341 0.0633284235777787 0.49915894089583 -0.118562084563321 0.856021550309866
1728817680.63681 0.137068413096985 0.091961589502624 0.438285700438876 0.0636569947599687 0.523321801353439 -0.121954384644979 0.840957315987075
1728817681.30033  0.139799002617444 0.0917716097740913  0.439512252694704 0.0656962232016677 0.546406386462385 -0.126472606983049 0.825305244605332
1728817682.03752  0.140841137861358 0.0914705669886541  0.440621623605787 0.0636159450836583 0.57447465834527 -0.133442700415695 0.805062062300768
1728817682.39498  0.143567443222829 0.0909833718074992  0.442120131547604 0.0657222472245348 0.59637968995612 -0.138361320428442 0.787951773040011
1728817682.74389  0.148684229404195 0.0903261665108976  0.443838573719564 0.0664757948818989 0.609437483220404 -0.141653685015645 0.777239445899581
1728817683.13055 0.152297715607415 0.089316184702221 0.444285189860258 0.066984708227344 0.627889134587385 -0.145556920077239 0.761630794117747
1728817683.52334  0.156480746915987 0.0883888298135931  0.444388966081088 0.0677272605043791 0.650498122687613 -0.150533119148084 0.741353485595105
1728817684.58928    0.1591399425125 0.0881517672953098  0.446358032515014 0.0640174763793573 0.631715068344198 -0.144984289749191 0.758826324576861
1728817686.40468  0.159832108292709 0.0875679532087688  0.445192881509896 0.0661468548322723 0.651497854274989 -0.149789307771554 0.740768724196832
1728817686.845  0.159592029513738 0.0875711993046977  0.444514691173674 0.0695857196379082 0.672220796493481 -0.154639998536523 0.720668786084682
1728817687.31888  0.159756633133166 0.0875270168415647  0.444222114364949 0.0727497371453328 0.69344087891712 -0.15962986809269 0.698831545084112
1728817689.59014  0.159527859724156 0.0876847427641538  0.445093417618355 0.0702723783606208 0.674789075265369 -0.154934366973437 0.718134276213432
1728817691.03599  0.165964134506946 0.0866667895036528  0.446580813790118 0.0662007577438983 0.664997953182284 -0.15292943937689 0.728016324342645
1728817692.01366    0.1789579899319 0.0856675838470637  0.450297273826742 0.0638095148855042 0.668465074083183 -0.152565423542977 0.725125218207306
1728817692.70033  0.189800489567337 0.0850425277027043  0.451556490548516 0.063898577894646 0.679650335094902 -0.155214948851784 0.714073324947352
1728817693.97219  0.201193353124726 0.0832637992940855  0.452017601476303 0.0609564248189919 0.683810599218736 -0.154725717910148 0.71045572056715
1728817694.86737    0.2110088085479 0.0828451447194504  0.452270238766143 0.0621041093569402 0.692666458804614 -0.157201235431085 0.701173322386839
1728817695.63808   0.21882258542994 0.0816441854472483  0.452821143137388 0.061062012605541 0.702895031176962 -0.15866151483648 0.690678311135576
1728817696.28033  0.226866268867385 0.0813457331051552  0.453272432684537 0.0626771761819339 0.711913871345352 -0.161315909607177 0.68060810212599
1728817696.68549  0.230065497415001 0.0806144040203585  0.452200251298982 0.063296899488641 0.727366843442322 -0.165231845059237 0.663045560240167
1728817696.96518 0.232449955203702 0.080384482921476 0.451242150523197 0.0654588951923093 0.744266941479771 -0.170047599560076 0.642546237047892
1728817697.23388  0.235676173929883 0.0796699249786495  0.450112483638455 0.0673980129741086 0.759621530007429 -0.174298317707805 0.622938789481393
1728817697.78735  0.237717420113989 0.0797313316738273  0.449733660226316 0.0698861526303166 0.778153319269265 -0.17984107428163 0.597704379590769
1728817698.29259  0.241022626782107 0.0791640747173039  0.449579114551498 0.0711498616317396 0.793859443924384 -0.18340136931373 0.57540317883698
1728817698.83361  0.243496725788757 0.0788927991969012  0.448660083872168 0.0723048804998121 0.80863218826368 -0.187650510490976 0.552877268724512
1728817699.32782  0.244930040826675 0.0785036291065882  0.447983766801839 0.0739580665046839 0.823485114952338 -0.191520102977971 0.528888003273028
1728817699.77969  0.245702729654723 0.0781585005970676  0.447369193973676 0.0757872653018149 0.83858127425757 -0.195519524047484 0.502802001387095
1728817700.2917  0.245785617303456 0.0779571625647967  0.446823797771365 0.0776650125293353 0.851656099213402 -0.199686571601914 0.47830461802423
1728817700.72889  0.245775485213558 0.0777678652159169  0.446133730119396 0.0799404813099316 0.864653398847329 -0.202791390793684 0.452614263064766
1728817701.45354  0.248521032969999 0.0773923328470989  0.445132234616993 0.0814251196384864 0.87587612164102 -0.207032486755232 0.428192151795065
1728817702.01443  0.251636170439158 0.0764347658581643  0.442249014829057 0.0811025157054205 0.884405114891782 -0.209336387117221 0.409179974739984
1728817702.37211  0.253449904563617 0.0758137856541164  0.439970606874606 0.0824456082587888 0.893410781003765 -0.21297007632371 0.386863858037622
1728817702.73858  0.255274201782455 0.0751830891821107  0.437403738404062 0.0837222789289535 0.901856757199514 -0.215433357818195 0.365011558506982
1728817703.34956  0.257687645814491 0.0744181856180769  0.434373488783385 0.0854771248625769 0.909306463572115 -0.218980996373995 0.343369683662162
1728817703.76322 0.258508512724644 0.073779065658622 0.431868115287672 0.0856948144377736 0.917100133830855 -0.22153508618436 0.320165502350257
1728817704.38775  0.260478865465427 0.0729382627156515  0.428869832582247 0.0873029192796118 0.923704806296837 -0.223959366906808 0.298311637527071
1728817705.02077  0.262270452481873 0.0722726087684442  0.425860976116308 0.0887280849860819 0.931071503139216 -0.22649472139191 0.271906829922282
1728817705.93723  0.263154915306969 0.0716435814731383   0.42365147625264 0.090460733526561 0.937341582862537 -0.22923319614455 0.246292010653908
1728817706.75795   0.26355559339591 0.0711477392785338  0.422063417136305 0.0913243625372321 0.943698678362364 -0.232038876244976 0.217372089227814
1728817707.37468 0.264835695002977 0.070624818328735 0.419988964422657 0.0923970321561521 0.949171108478803 -0.233997686621358 0.189161512823587
1728817707.99399  0.267553772312426 0.0697334030757808  0.416927806093465 0.0935484995218259 0.952673413379405 -0.236420636296755 0.166635315615527
1728817708.73319  0.270449469586859 0.0686563975355678  0.414168076218513 0.0913291096994506 0.95693732971906 -0.237863458621129 0.139107569040852
1728817709.15801  0.271362725777663 0.0683820897312474  0.412371905078185 0.0950282149576462 0.95974876235232 -0.239374282489296 0.112035281977988
1728817709.93467  0.274423840233641 0.0673266763774478  0.409181304220692 0.0948289720049272 0.96239052459763 -0.240227403864025 0.0842777471574631
1728817710.59156  0.276134571568859 0.0666278715844902  0.406551733154081 0.0952309508928053 0.963948139742779 -0.241295261635919 0.0592591477372199
1728817711.25827  0.277868537625675 0.0657178667764483  0.403561494877877 0.0950409229458047 0.964865562602187 -0.242431370869231 0.0350528099934813
1728817712.04773  0.280087977687697 0.0643369665777138   0.39835154748872 0.094783282046017 0.965267824571233 -0.243190386125189 0.0115148768289466
1728817713.77748  0.282811698369271 0.0618235671115288  0.387820913578437 0.0990766602956752 0.96448248946187 -0.243625607133366 0.0245745082349086
1728817714.11073  0.283571009476048 0.0613315960382564  0.386571349757491 0.0973697645504575 0.963662015219989 -0.242449547765991 0.0556135429693521
1728817715.59238  0.283105630833419 0.0601545930352964  0.382322031307186 0.0955731783299236 0.964923185577005 -0.242556617514706 0.0309079410453925
1728817718.15329  0.282939582933214 0.0604000566675046  0.382588865749439 0.0975841344949873 0.964924724057501 -0.242999206660473 0.0186815192048367
1728817721.03664  0.283128740065087 0.0586751390915076  0.375305793630901 0.0967368140438749 0.964455538664225 -0.243614575151709 0.0334580561627973
1728817723.27022  0.284087088395346 0.0554894498215292  0.363173904945577 0.0965753196642765 0.964723725266983 -0.243797991470121 0.0233212541230524
1728817725.16559  0.284991008080247 0.0528023349865243  0.353725858597239 0.0962134605703884 0.964930104446961 -0.243792708218885 0.0147641104150907
1728817726.59729  0.285404756739766 0.0533745947116315  0.355050611067844 0.0972441585385484 0.964091261896325 -0.243318943687803 0.0432146272451075
1728817727.00022  0.285532376678594 0.0533191680046723  0.355384409095964 0.0947213277318532 0.964096130080999 -0.242694955999021 0.0514361776203179
1728817727.37916 0.284934820231873 0.053189403052225 0.354781380508679 0.0949817503436792 0.964979349174779 -0.24366391177797 0.020523665971972
1728817728.89797  0.285529786528729 0.0532921286392207  0.355084677884034 0.0966633826629079 0.963908845902992 -0.24297817937953 0.0499753097792746
1728817732.22785  0.285952361046041 0.0523180621969258  0.351410096683055 0.0960417378241858 0.964493734126173 -0.243384747497859 0.0359400349535775
1728817734.71348  0.286782195178536 0.0495017298768913  0.340891883917797 0.0977190020602672 0.963969743849885 -0.243613158854246 0.0431967407496048
1728817736.6437  0.287348089497565 0.0493640631367252  0.340192753094716 0.0969660980665893 0.962571520778345 -0.242436504519046 0.072651114848914
1728817739.0592  0.287508111455135 0.0483658003191729  0.335702110254962 0.0958208900615904 0.963311366555132 -0.242770760348783 0.0625453916221063
1728817740.49796  0.288103914103111 0.0462241491916952  0.328184107847892 0.0970429282608769 0.96400330588229 -0.242139212564288 0.051467446617423
1728817741.90302  0.290070377392187 0.0439377457126461  0.320143334605528 0.0962274805664801 0.963841389054251 -0.240867297477671 0.0610982302166175
1728817743.14483  0.291195278413332 0.0422258640789912  0.311953286330641 0.0971425059665664 0.963501615469553 -0.24182575489397 0.0612231556852334
1728817744.25956  0.292273241943434 0.0398023877564473  0.304778696990103 0.096881377293566 0.9639433332492 -0.241699069121241 0.0548526116429192
1728817745.29511  0.293810420500395 0.0381474273526455  0.297675941748804 0.0968561238092987 0.963758966150432 -0.243302470018304 0.0509063309253362
1728817746.18733    0.2936552078081 0.0367503168089084   0.29192875128308 0.0974257254846894 0.964408549453772 -0.24328942290959 0.0351373655041425
1728817746.79043  0.293595655965188 0.0355794258382324  0.288207125209929 0.0967331019553596 0.964756550620615 -0.243333816030104 0.0260030574535824
1728817747.48723  0.293132732463884 0.0350307639785813  0.284694085235644 0.0971450707856143 0.964885214002955 -0.244035195489226 0.00248643983728879
1728817747.92729  0.292686825325271 0.0346308192615985  0.282805053010596 0.0964464265792182 0.96434294887633 -0.245000175317361 -0.026752155933038
1728817748.29584  0.291961733125077 0.0338546844160821  0.280877689460562 0.097582713691523 0.963015593161624 -0.244693561057805 -0.0566007287321846
1728817748.66925  0.291186249176615 0.0343424286830179  0.281506801890578 0.0973506086349745 0.960489595210008 -0.245229882617133 -0.0885714466591986
1728817749.07275  0.290486475291621 0.0343369509326677  0.281377574668817 0.0975809618085904 0.95727654316746 -0.245262223336593 -0.118093258054218
1728817749.47153  0.290064692414896 0.0343307019138977  0.281374907310758 0.0976501835047058 0.953225297097498 -0.244916258457366 -0.147790395419081
1728817749.97262  0.289555135382411 0.0345049257491449  0.281650969307976 0.0979941638740721 0.948056451722211 -0.2444056895963 -0.178471193999113
1728817750.35431  0.288658998079105 0.0342074536130779  0.280858395519346 0.0978914187395148 0.944334134952545 -0.244162617397044 -0.197572589106938
1728817750.93138  0.288654348004711 0.0347244817551358  0.281904181872377 0.098393418516151 0.938129085150575 -0.243344848008015 -0.225866862853333
1728817751.68021  0.288202519246215 0.0349128445969791  0.282135148412876 0.098905438376743 0.9320762193386 -0.24271872720013 -0.250078497814818
1728817752.78187  0.287676059320257 0.0350311160911926  0.282619845906262 0.0980212569982978 0.925155273408303 -0.241147571850921 -0.276274142568007
1728817753.36166  0.287648868869932 0.0355387047062142  0.283686580878721 0.0985900766243244 0.916543390006741 -0.239461021517686 -0.304773079847725
1728817755.02559  0.283052092948691 0.0347063909334409  0.278496965471773 0.0975222396683896 0.912612199028984 -0.238427181222994 -0.317460023006994
1728817756.49347  0.275973035059041 0.0337787584980683  0.272132391331783 0.0981227897278802 0.910798444790602 -0.238451073149414 -0.322427041075855
1728817757.94514  0.269059119748152 0.0324916119165906  0.264717230594426 0.097665485528869 0.904313100159855 -0.237969356637909 -0.340660909288138
1728817758.64461  0.264479267150221 0.0316226583493139  0.260587385124839 0.094892068029984 0.897249186264091 -0.235455359088111 -0.361248068576301
1728817759.41445  0.260414329745282 0.0311064548537226    0.2565973262363 0.0949173937675472 0.889940118738765 -0.234956066484787 -0.379200369516704
1728817760.46261  0.25496172218528 0.030553723848074 0.252639850272161 0.0938975337648094 0.882232985446458 -0.233188712665421 -0.39808445941604
1728817760.82859  0.252362378648868 0.0305007987077518  0.251317851965036 0.0926344128646452 0.870990564817351 -0.230542948706557 -0.42384460637604
1728817761.1958  0.250467980312515 0.0306252539593729  0.250512358747453 0.0918367361032481 0.858492138294499 -0.228364068637173 -0.449896782099981
1728817761.56245  0.248903377602855 0.0304530438240694  0.249741141300386 0.0905593653802574 0.844700756465813 -0.225514463100769 -0.476888729475105
1728817761.84561   0.24770081289662 0.0304749304264708  0.249497596039785 -0.0892573973031473 -0.830177472836856 0.222639110768456 0.503259681453929
1728817762.13197   0.24767957180811 0.0306512771804678  0.249917410484744 -0.0881020915827464 -0.813357966322724 0.219113438161867 0.531672964607939
1728817762.76823  0.246602797930257 0.0306543642413585  0.249647782645184 -0.0866688985198769 -0.79605601273074 0.215264649433206 0.558967313292098
1728817763.22872  0.244938232891848 0.0305722259537183  0.249141346695962 -0.0864380210716842 -0.778564164660259 0.212154211947424 0.584257563385406
1728817763.78725  0.242250969137813 0.0308568650482868  0.248238070393072 -0.0842410912002016 -0.761747630791165 0.209063447269573 0.607401399861087
1728817764.43724 0.237905222623403 0.030996321438886 0.247888755322803 -0.081667516312551 -0.745235280238674 0.204945017257845 0.629247434454926
1728817764.83887  0.236340785793041 0.0312005494293126  0.248056068194646 -0.0814782730619566 -0.725757505077567 0.200516480460868 0.653016443825125
1728817766.80473  0.232270037752034 0.0315704200052692  0.248067955054946 -0.0801229144843843 -0.708892372825226 0.196661061543994 0.672589287156091
1728817770.2564  0.232464513477533 0.0313306884085713  0.247246763380844 -0.0817043232096602 -0.729922221018356 0.20126332981043 0.648098007176461
1728817771.0508  0.232834988886951 0.0312737151196648  0.247108335783649 -0.0830561302141526 -0.749568165750079 0.205406941340387 0.623744525087875
1728817775.11132  0.221346097534683 0.0319043414782389  0.245743443828035 -0.081618436810786 -0.7376411323794 0.203175523085405 0.638704702827192
1728817776.70864  0.211375164350464 0.0326131798480358  0.244027732436337 -0.0809909414492402 -0.726795142871125 0.202417152159172 0.651334464168662
1728817778.49554   0.19841955684897 0.0330655345889967  0.242312826116495 -0.0804282383670629 -0.718922078405039 0.200287074040045 0.660732496270183
1728817778.96742  0.194586310145937 0.0332550067608036  0.241952518687016 -0.078994199476685 -0.700830230563352 0.19634390651523 0.681209200431039
1728817780.77091  0.184266782038201 0.0339489405619407  0.241446557514477 -0.0774090958647474 -0.691377988315514 0.196210611269146 0.691017876162103
1728817781.24214 0.181270065852901 0.034293664027378 0.241831608919803 -0.0747616143520481 -0.672153266966797 0.191350331013964 0.711340802672097
1728817781.53909  0.179527123348105 0.0344996137963285  0.242184116340188 -0.0728324739224738 -0.652069533287423 0.186222265580936 0.731315268747042
1728817781.97092  0.177616320052939 0.0347239138881751  0.242525900048082 -0.0721612665094716 -0.631708251753496 0.182377980446596 0.749983805512167
1728817782.40562   0.17613754292627 0.0350715217494286  0.242998875327285 -0.0701316108061256 -0.609732301445208 0.176418623997083 0.76953527979362
1728817782.64585  0.174684005262985 0.0352932221436991  0.243578509765516 -0.0674970393853303 -0.580111328913137 0.169554904358213 0.793830038578112
1728817782.88087  0.173230470436675 0.0354749084941358   0.24413334479971 -0.0656572246487775 -0.553738520116071 0.163636846350436 0.813809414241177
1728817783.23955  0.172205933756723 0.0355185263117869  0.244189384456711 -0.065443398886768 -0.528292076360299 0.156512381295509 0.831942617070601
1728817783.54704  0.170786993775928 0.0359637723635423  0.245245847434374 -0.0641878333378661 -0.499104853746867 0.147475899058299 0.85148407278977
1728817783.73738  0.170445078591385 0.0363206399109741  0.246240518551125 -0.060546344100032 -0.474856617933994 0.141380349738918 0.866520010921912
1728817783.88051  0.170433086314066 0.0365245539178199  0.246714340824128 -0.0568484578930577 -0.439601310233047 0.134295788541608 0.886275116460209
1728817784.06109  0.170322802739713 0.0365981218542121  0.247171455981266 -0.0550281758162265 -0.410599834188879 0.126785831349656 0.901279661924854
1728817784.25495  0.170452397912404 0.0366429779726793  0.247309364601594 -0.0528375640306357 -0.383039555259125 0.121156596022527 0.914226432660112
1728817784.61377  0.169923152838765 0.0367154043068669  0.247923068880017 -0.0517187972500194 -0.354701998903657 0.11645260054262 0.92625614697643
1728817785.23756  0.168728632375849 0.0371937837941515   0.24897599425638 -0.0489300964559497 -0.329715418203878 0.108888522449055 0.936502471079663
1728817785.61321  0.168075445866311 0.0371993961814139  0.249643466409729 -0.0468384490384653 -0.302823534855074 0.103197755130814 0.946284465562819
1728817786.09417  0.166989710262808 0.0378680714015221  0.250841865885469 -0.04373987089335 -0.272662082052528 0.0945538627041608 0.956452706490361
1728817786.37121  0.166607713414325 0.0383405544699174  0.251545671254474 -0.0394351889743033 -0.243100249731405 0.0853511957278725 0.965433740781268
1728817786.59312 0.167072272171657 0.037543038731413 0.251007635134096 -0.0380279684395818 -0.214076341891996 0.0805132115574919 0.97275013041541
1728817787.10356  0.166092940680975 0.0380110797791338  0.252587610994762 -0.036669543041104 -0.18657088043198 0.0766254314251819 0.978762072439925
1728817787.49754  0.165658619487701 0.0382900311476812  0.253507662418266 -0.034186210160389 -0.159603413566058 0.0690461820222461 0.984170045348405
1728817787.77666  0.165509652779455 0.0386417758914691   0.25432556026539 -0.0302258858242398 -0.132650389508483 0.0606694160432537 0.988842501082128
1728817788.17146  0.165911380619274 0.0380955912651406  0.254751143112882 -0.0296264759838133 -0.107551601049549 0.0581519376638661 0.992055077693974
1728817788.77065  0.165766790314468 0.0388377048742085  0.256972428402865 -0.0261741509305708 -0.0836163036483313 0.05086133538955 0.994854940254933
1728817789.16934  0.166164129410065 0.0391080132074883  0.257664651717057 -0.0229420051199481 -0.057213111120218 0.0449956066749621 0.997083607174932
1728817789.8569 0.166713388719588 0.039064574165278  0.26023610665396 -0.0256653157032821 -0.0509064249156324 0.044146279692825 0.997397079132199
1728817790.66105  0.167227184609704 0.0394315526311241  0.262210796458175 -0.0245297042186365 -0.0358127756268099 0.0403363535331748 0.998242814798332
1728817791.56263  0.167856731627249 0.0405907709896137  0.263878933435968 -0.0239584975236228 -0.0409487798430877 0.0415433151783506 0.998009689727392
1728817792.68051  0.168710926874783 0.0412219472450067  0.267924086577683 -0.0293064626930612 -0.0439549936533737 0.0420113514602079 0.997719467649018
1728817793.85729  0.168940994584927 0.0422586460032696  0.271432259709588 -0.0310429308770633 -0.0579103035401896 0.0464811070709944 0.996755857706339
1728817795.33109  0.167962500493928 0.0438470082539104   0.27566538958322 -0.028504726262883 -0.0589038782102137 0.0479565166663815 0.996703559852026
1728817796.43522 0.167136946805222 0.044918518650294 0.279052920478632 -0.0284637451085186 -0.0780842332986925 0.0532548026015998 0.995116371950747
1728817798.08308  0.167075619374104 0.0458999069124744  0.282672033523979 -0.0267423556099226 -0.0634015812820372 0.0473952251313181 0.996503275730753
1728817800.52074  0.166981212034693 0.0458068530071251  0.282410748564877 -0.0287079715244413 -0.0926672575813036 0.0558385024771834 0.993715599849584
1728817803.34535  0.166914352209419 0.0455153589792951  0.281673072711127 -0.0325181726771032 -0.119917487557589 0.0634954007910863 0.990217500704768
1728817803.96897   0.16656996254552 0.0456646086005089  0.282082413105239 -0.0333135604278514 -0.138319990754703 0.0669653728919034 0.987559327677425
1728817807.98807  0.166946127392175 0.0459038895013743  0.281795326915756 -0.0293222193572003 -0.112055903372437 0.0576716745717039 0.991593495301099
1728817808.42096    0.1670125137729 0.0457534766202833  0.281628565875634 -0.0277939844908171 -0.0811390875343494 0.0533350674476311 0.994886583224728
1728817808.81777  0.167218569408417 0.0447925503495839  0.279723590685273 -0.0300339573253882 -0.101796442732304 0.0632627428652161 0.992337276846736
1728817809.51308  0.167879470384656 0.0441807752310939  0.275363761120349 -0.0285426064683507 -0.0857549548299278 0.0504338550734426 0.994629495641739
1728817809.78488  0.168333076243264 0.0432910588838984  0.273306646186476 -0.0290921899360223 -0.0600922932142225 0.0463193533828549 0.996693071252718
1728817810.26639  0.168803747342458 0.0410424138216215  0.268395287673125 -0.0331376875661205 -0.0527338015239374 0.048601467801998 0.996874584472438
1728817810.57468  0.168476694012984 0.0405940943870653  0.265423307220258 -0.0312244302798336 -0.0740118667275743 0.0545047125374746 0.995277104553504
1728817811.18012  0.167724423510658 0.0395515206120608  0.259776019616411 -0.0257364936682987 -0.0742061003039721 0.0512985599329396 0.995590048825391
1728817811.83822  0.167959461048147 0.0371702954449406  0.254317167153256 -0.0322640247750313 -0.0785938425580221 0.0560424394116371 0.994807160007443
1728817813.03242  0.168931626747996 0.0368226574665621    0.2489880543394 -0.0276667541898708 -0.063007132627748 0.0422114151876462 0.996736097659999
1728817813.27329  0.169700024348714 0.0360969311142741  0.248404819248548 -0.0269679543393237 -0.037695684288166 0.0395423192780534 0.998142359491326
1728817813.69437   0.17017585738791 0.0353437418080825  0.247799909969543 -0.0286036260755089 -0.0448347178646479 0.0471429091496916 0.997471416515899
