1403638130.7451 -0.000441349989187507     0.008426210267343   -0.0192756970653391 -0.00827069070405479 -0.00108040172323904 -0.0124183617017654 0.999888100089224
1403638131.1451 -0.0169831350818601 -0.0409690044677279  0.0225805271671502 0.0223973061619547 0.000261637815208345 0.00299568855701944 0.999744626428375
1403638131.6451 -0.0162933364020553 -0.0423917602123037  0.0229888481339097 -0.0273520091156604 0.00907636479954188 -0.0386375228499711 0.998837638972111
1403638131.7951 -0.0161869579734372  -0.043060150881388  0.0229850296642934 -0.0321758910262249 0.0133524892276134 -0.0503477304785334 0.99812400487302
1403638132.5951 -0.0160454895157585 -0.0421190690905584  0.0213191114939226 0.0151264774365079 -0.0161757245045948 -0.0209376821480788 0.999535466646072
1403638133.4451 -0.0165452746156381 -0.0420235067814017  0.0221407192163572 0.00096543321915663 0.0365778511495096 -0.0289922663347627 0.998909694235048
1403638133.6951 -0.0169983941512876 -0.0421551860894198  0.0218755593567186 -0.0105978920882196 0.0857583495734198 0.000632311426743963 0.99625939912454
1403638133.9451 -0.0167785357745819 -0.0441676613526853  0.0202924343297789 -0.0231468438096655 0.132866101080852 -0.00876117915946698 0.99082494142253
1403638134.1451 -0.0172397691848026 -0.0430785824097904   0.021773436832986 -0.0292285115593399 0.133076695040854 -0.0147489263536279 0.9905648673966
1403638134.3951 -0.0168289548319564 -0.0427959138607358  0.0237758253422578 -0.0130073655795358 0.125382644042836 0.00192147941169071 0.992021324836507
1403638135.1951 -0.0155080031335357  -0.042680245523219  0.0262329564494476 -0.0398750239187318 0.0882801109286166 0.000591265353807099 0.995297068662012
1403638135.8951 -0.0166221928209191 -0.0424632146992727  0.0247123850653833 -0.0497025461498344 0.138416656066882 -0.00500212458211233 0.989113474268322
1403638136.1451 -0.0161150117952782 -0.0434307076647007  0.0219750740602417 -0.038671582944225 0.16336010299173 -0.0124971758210732 0.985729073335882
1403638136.4451 -0.0173676939501638 -0.0429994254243645  0.0213483508034247 -0.0337750201955013 0.192314565243226 -0.0122377703265642 0.980675579885385
1403638136.7951 -0.0175574441099648 -0.0428443883960344  0.0217001189218628 -0.0298131466812701 0.170337153479741 0.0167935259418824 0.984791555566872
1403638136.9951 -0.0172342293792237 -0.0426796727337679  0.0222914362812271 0.000776142440726386 0.133403819213013 0.0457881069568031 0.99000316559272
1403638137.2951 -0.0165920145304278 -0.0421898336682195   0.022910220901845 -0.0305881844488115 0.109453334931782 0.0233264670468464 0.99324730373636
1403638137.5951 -0.0163633012175761 -0.0416031004977775  0.0229478063620354 -0.0740943604561917 0.114264470605819 -0.00987971869561797 0.990634164393827
1403638137.9951 -0.0154744277203845  -0.041277502546053  0.0223126096392039 -0.104411878531194 0.127914633614823 -0.0241363374101913 0.985978419310075
1403638138.7451 -0.0147035504414237 -0.0392044062741651  0.0218413012144116 -0.0737218351261328 0.126357458520068 -0.00559567203429923 0.989225743779684
1403638147.7451 -0.0176133686051064 -0.0432625149133294  0.0260360368891701 -0.0731788044466215 0.140835059996614 -0.0715359541395534 0.984729889726547
1403638147.8951 -0.0162199869410226 -0.0429843813509984  0.0251850824373489 -0.0577010663449809 0.137854485894174 -0.0423497896361637 0.987862957590413
1403638147.9451 -0.0158690907588688   -0.04360230182884  0.0251471566849128 -0.0510495129565433 0.137066000203705 -0.0331785923046778 0.988689051131718
1403638147.9951  -0.016021861380567 -0.0449623587391828   0.025518020179999 -0.0457053690838782 0.138045725907852 -0.0364085186427775 0.988700569720539
1403638148.0451 -0.0158202131338498 -0.0463528168485401  0.0258519150839138 -0.0414216186449521 0.138467764430408 -0.0384152377600582 0.988754366478508
1403638148.0951 -0.0167087654854304 -0.0479460667105491    0.02674239379046 -0.037461398951487 0.142865750011511 -0.0621929187713637 0.987075509734156
1403638148.1451 -0.0165767826091554 -0.0498391656295767  0.0268706551227882 -0.034951611624636 0.141316315782416 -0.0594919166652974 0.987556983464759
1403638148.1951 -0.0168925213914254 -0.0519236039590193  0.0271315863650228 -0.0329532432356733 0.140847241963521 -0.0652507595017705 0.987328960669119
1403638148.2451 -0.0196413238984701 -0.0560648462432762  0.0280387517012862 -0.0359897671179916 0.145511790117429 -0.10279062226988 0.983343858257621
1403638148.2951 -0.0194477216731791 -0.0585111628476852  0.0278440019345505 -0.0350878440599526 0.142665395581576 -0.0962102033972033 0.984458747162646
1403638148.3451 -0.0213959795855217 -0.0620151053172949  0.0276563119133751 -0.0365832539982326 0.143723614263816 -0.113198368680789 0.982441508466461
1403638148.3951 -0.0216727689780401 -0.0649178671334823  0.0276013874491015 -0.0368365986025591 0.141495677934359 -0.110834294633418 0.98302482026773
1403638148.4451 -0.0223460259210706  -0.067241354053815  0.0267829447982529 -0.0391499564914502 0.140215829789808 -0.108243310290549 0.98340743731193
1403638148.5451 -0.0230492202395655 -0.0701542919086725  0.0273420491562857 -0.0478157412632138 0.139528025404251 -0.108955929900842 0.983043330862726
1403638148.8951 -0.0229924425601959 -0.0717628044120249  0.0314238404925609 -0.0643027733112764 0.133373786306131 -0.108862098675887 0.982967766482058
1403638149.1451 -0.0259807827556389 -0.0793283214749901  0.0368060048704506 -0.0516941226238899 0.128582804712345 -0.111264848784025 0.98408044053498
1403638149.3451 -0.0287252276880239 -0.0873543388882225  0.0402073304566259 -0.0465510787278194 0.126702970529536 -0.109466541299216 0.984782428084628
1403638150.2951 -0.0396765146728678 -0.0949745288730169   0.062422939370585 -0.0506412155919722 0.110257302254047 -0.143160857639247 0.982234067533306
1403638150.6951 -0.0507474477678843 -0.0911815925182491  0.0740149237433841 -0.0775929234556809 0.084921887223008 -0.132650704194314 0.984465033394704
1403638151.0451 -0.0647039482332207 -0.0946309251969135  0.0879356413428969 -0.0668258909077444 0.052587618350731 -0.145654550064685 0.985674182854577
1403638151.2451 -0.0736296708418267 -0.0946717897273098  0.0965952564092686 -0.0667533024542056 0.0156543583536977 -0.158351500479884 0.984999360391549
1403638151.4451 -0.0835093630621692 -0.0927861513085929   0.105666268898939 -0.0742133893264129 -0.0328573931371146 -0.168354453528366 0.982379530801658
1403638151.6451 -0.0942400465084178 -0.0924104618895451   0.114494596893398 -0.0778862723503122 -0.0735204374684457 -0.178135877920917 0.97815953854735
1403638151.8951  -0.109230044010193 -0.0950363682414734   0.125432615039091 -0.0815384400649578 -0.0960953328989683 -0.185067263339972 0.974611347064389
1403638152.1951 -0.129325450857472 -0.100696969130014  0.137301897945486 -0.0838882437441063 -0.0984743186898205 -0.189284320721054 0.973363763990254
1403638152.4951 -0.149672451092953 -0.100215014421727  0.150621111835002 -0.0829059622335307 -0.0922669343628615 -0.197779731261166 0.972366490656518
1403638152.7951  -0.172352809562066 -0.0958521030293876   0.164905184068596 -0.0862552744386836 -0.101784521998498 -0.190054451430076 0.972666049682345
1403638152.9951   -0.18958594184991 -0.0958419942317831   0.173827211800098 -0.0824238827037999 -0.129727538292806 -0.190003843740584 0.969678095417403
1403638153.1951  -0.207405479841012 -0.0976974503635323   0.182172304617631 -0.095291456842084 -0.152378437646149 -0.19738125291055 0.963712089263642
1403638153.3951   -0.22483556358395 -0.0980424244265952   0.191521496011852 -0.100603261352381 -0.171277563060101 -0.205328405215062 0.958323132460704
1403638153.5951  -0.243170546721016 -0.0981082635823407   0.201355239488546 -0.10362073444757 -0.197229318873129 -0.228603653786811 0.947683337747746
1403638153.7451  -0.258715617735499 -0.0989991496354018   0.208928918173081 -0.10341927815561 -0.225110533190066 -0.235576889898046 0.939751685126779
1403638153.8951  -0.275046706461067 -0.0990171233982127   0.216276172692666 -0.100740857479889 -0.24786660631284 -0.237551718732134 0.933800088903712
1403638154.0951   -0.29696482464575 -0.0967403153938709   0.227816635622982 -0.0942781693938696 -0.26511240052105 -0.233093099017887 0.930856943389232
1403638154.2951  -0.318228544509131 -0.0925231662083348    0.23774767202041 -0.0808970997754793 -0.270113980095733 -0.234205332277857 0.930398817355964
1403638154.5451  -0.344232912791297 -0.0851612311592855   0.249443001867318 -0.0660032279057058 -0.272661744090472 -0.226894750161575 0.932640294842919
1403638154.7951  -0.369531359711288 -0.0789267340493161   0.255536701799178 -0.0823031646525648 -0.283151821708023 -0.234347864864379 0.926354312984566
1403638154.9951  -0.390509618464384 -0.0758836946112081   0.259101185342172 -0.0849072655661386 -0.295721240837822 -0.247279469827731 0.918799525344423
1403638155.1951  -0.412778147490337 -0.0755691876399091   0.258499465921384 -0.0827534724154089 -0.318296458860918 -0.25125282267104 0.910335787596877
1403638155.3951  -0.434649777688198 -0.0726285585778319   0.257402319549206 -0.0729091634058749 -0.336843641007294 -0.252712246324565 0.904078058555785
1403638155.5451  -0.450445002703464 -0.0677516796024571   0.256532733642199 -0.0705083479492446 -0.355217316161947 -0.254500078917516 0.896704489226607
1403638155.6951 -0.465588762981943 -0.062543807246867  0.252845153254251 -0.0708610402480904 -0.383029232853309 -0.246927022771752 0.887296097804922
1403638155.8451  -0.479412134181697 -0.0554873063470649   0.250039213395307 -0.0764878136910209 -0.414009048021659 -0.246171792328019 0.873009490884823
1403638155.9951  -0.492191569122588 -0.0491379190897083    0.24464312579187 -0.0961959997065222 -0.444408465870819 -0.25685640214387 0.852802576086936
1403638156.1451  -0.504359959342271 -0.0442373213592778   0.238489828971377 -0.115017029015437 -0.474993133347698 -0.268572739942956 0.830073062849609
1403638156.2951  -0.516747096683009 -0.0409377474877974   0.232263104383188 -0.127212370612716 -0.500838334904334 -0.274960848708492 0.810786350853819
1403638156.4951  -0.533193333312114 -0.0361863269851858   0.225025889534821 -0.139770240066922 -0.520634235483438 -0.281294621441324 0.793900251154006
1403638156.7951  -0.558327656210066 -0.0247394396912658   0.217740982383915 -0.141802573293658 -0.527592715082371 -0.283377511906203 0.788184713722081
1403638157.0951  -0.585372115697465 -0.0124870790335306   0.213933380821399 -0.144753766025121 -0.520993138610484 -0.285121394203005 0.791402733954133
1403638157.3951 -0.616556385885597   -0.0055117293266  0.212236741303122 -0.143164998830123 -0.519009201374312 -0.289443290114812 0.791426442448244
1403638157.6451  -0.644946045993736 0.00122180991649598    0.21198861587285 -0.125886805312768 -0.537584905006947 -0.29100972056134 0.781324724231627
1403638157.8451  -0.667971384613962 0.00683636340891441     0.2110861741679 -0.116309085169456 -0.569350055715291 -0.296918894699953 0.757728104754072
1403638157.9951  -0.685463636265084 0.00967730343004003   0.209312006040856 -0.118256471118096 -0.594651393201743 -0.29750561017022 0.737492738621314
1403638158.1951 -0.708216210842789 0.0137858529047086  0.207065811850648 -0.133073665639187 -0.616167365914379 -0.292409824341639 0.719114505015701
1403638158.5451 -0.746329514477346 0.0249766572458137  0.205878495562437 -0.122382525615796 -0.625052706601123 -0.301696105493941 0.709444212975409
1403638158.8951 -0.782954727271251 0.0374221326430607  0.203902931012062 -0.135373957714481 -0.62079028912422 -0.297790584622095 0.712470403744756
1403638159.1451 -0.810312124827491 0.0428741961524505  0.201879011229694 -0.158275552046129 -0.610882620163926 -0.309063910905198 0.711513016734152
1403638159.3951 -0.840282862470395 0.0481692241746038  0.201352757557465 -0.148972525174418 -0.613608902136166 -0.297002451396304 0.716296618606421
1403638159.5451 -0.859276517803966 0.0513434056533571  0.201822764605274 -0.129230308372848 -0.625178022455191 -0.264762433539795 0.722739802019344
1403638159.7451 -0.883030808623618 0.0527466521349569  0.203150668766161 -0.131757390510149 -0.633730579251139 -0.232988630740153 0.725769826400767
1403638159.9951 -0.907834680672338 0.0484205114850949   0.20854463013517 -0.108722995490966 -0.631512810033005 -0.255659341915936 0.723884784967055
1403638160.1951 -0.924030410311363 0.0398326886995114  0.213325221397356 -0.115547467259904 -0.626609316059662 -0.276616443198814 0.719369787514809
1403638160.3451 -0.935244867677411 0.0314519988063884  0.216481999815981 -0.132979943061953 -0.619935846250755 -0.295655867600203 0.714551250247434
1403638160.5451 -0.950690657787127 0.0196291746163524  0.220717973756981 -0.140776981542773 -0.616802743224946 -0.303192632841579 0.712608198667739
1403638160.7451  -0.966634710220415 0.00982341178857266   0.225431470037254 -0.140928979109934 -0.617962636331523 -0.298759031059482 0.71344533378923
1403638160.8951  -0.978951503753153 0.00290905269681859   0.229497998939172 -0.133848980581857 -0.619090808147388 -0.275645603008467 0.723070206277863
1403638161.0451   -0.990750054163968 -0.00369906596816143    0.234572631727325 -0.123176852250116 -0.606636346565071 -0.260874365769026 0.740786319649968
1403638161.1951   -1.00113820040538 -0.0100304959163214   0.240708960000674 -0.119834096293928 -0.581822867686042 -0.259869296928159 0.76130801159391
1403638161.3451  -1.01043609622025 -0.016112191230864  0.247497042964053 -0.120893614403134 -0.54798781855161 -0.261664240855296 0.785255315023857
1403638161.4951   -1.01877184954808 -0.0218077048295013    0.25436433156237 -0.129654569321303 -0.518653055863656 -0.269352105515639 0.801023185402078
1403638161.7451   -1.03196220985904 -0.0298586937543858   0.266802194722424 -0.138022951427148 -0.496244079280979 -0.265535565861004 0.81497382897906
1403638161.9951   -1.04392630529194 -0.0347580643875472   0.281260550099439 -0.127145970044385 -0.480661339601366 -0.254751708202443 0.829397459654917
1403638162.2451   -1.05540281115626 -0.0415886405586701   0.296869156807772 -0.133851812967213 -0.468401434892506 -0.250477876618344 0.836626930764721
1403638162.5451   -1.06857832030417 -0.0504824521972804   0.318546856347177 -0.133499129983787 -0.466057439927538 -0.244750420066041 0.83968189027706
1403638162.7951   -1.07797672162456 -0.0600087507225514   0.339145698793912 -0.131220555888584 -0.464472945870859 -0.255424806130997 0.837737558355407
1403638162.9951  -1.08631648312169 -0.071168596874914   0.35620130662792 -0.126934372629191 -0.460207836455824 -0.240269845950984 0.84520223227141
1403638163.1951   -1.09264623844659 -0.0806417556435611   0.375078738468999 -0.116259061606495 -0.449650590207218 -0.2306356305287 0.855047006457134
1403638163.3951   -1.09651219065183 -0.0867962842688448   0.395821892342421 -0.109372556214261 -0.420098094063057 -0.2379941002212 0.868857896074868
1403638163.5951     -1.099046570815 -0.0927356766578793   0.417572905016495 -0.107164405575303 -0.394501273770769 -0.235671459045868 0.881670856137439
1403638163.8451  -1.10163406881242 -0.103536115340167  0.441144448054667 -0.103824183726217 -0.382162508143691 -0.233610856150145 0.888030587385201
1403638164.0951  -1.10393033429424 -0.119030606223197  0.462951611710107 -0.111749600079389 -0.383425410908126 -0.223828971714247 0.889043065646076
1403638164.2951  -1.10478912557616 -0.133399627189131  0.481246898575904 -0.111087945109238 -0.389302797443915 -0.216057197425616 0.888494281238961
1403638164.4951  -1.10333072890691 -0.146349631331372  0.499317715785812 -0.110651557967132 -0.392992327621206 -0.213410084502968 0.88756374361662
1403638164.6951  -1.09908622172138 -0.158114606679322  0.518932836636518 -0.112327313778496 -0.390031647041792 -0.209725213100874 0.889535397763893
1403638164.8451   -1.0941375891094 -0.166368607484378  0.535371583891976 -0.0960228397336102 -0.379389897630842 -0.222911484487137 0.892834469489666
1403638164.9951  -1.08827558513422 -0.174202349053403  0.550305081249839 -0.0820013680429713 -0.371635742768595 -0.229136580615084 0.895912427506139
1403638165.1451  -1.08144068257098 -0.181145134358225  0.564774537207995 -0.0841720643135503 -0.364919435532088 -0.211408498258235 0.902804140455911
1403638165.2951  -1.07358467928876 -0.186224942341247  0.579901581765112 -0.104014236950347 -0.351816271167365 -0.214175950477213 0.905281730783688
1403638165.4451  -1.06339133106388 -0.190903519694522  0.594207142775274 -0.111206770609882 -0.344990309001767 -0.209295356168225 0.908190615868609
1403638165.5951  -1.05261993569538 -0.195271137293352  0.609226737636149 -0.0892130469307886 -0.343475647763747 -0.206692363429938 0.911780553943955
1403638165.6951 -1.04499382065314 -0.19731835560334   0.6193385917876 -0.0720337664933497 -0.343228960326445 -0.207556967348844 0.913195007970893
1403638165.8451    -1.031799829031 -0.199882196685776  0.633314570236985 -0.069657389702591 -0.340361575370965 -0.215082622521772 0.912710968247875
1403638165.9451  -1.02294682975232 -0.201568341366745  0.642191485391931 -0.0797545996939156 -0.337812028051357 -0.220872517539985 0.911448061343619
1403638166.0451  -1.01387539829199 -0.204990690130121  0.649790319999488 -0.092712406892056 -0.335662423339627 -0.22595964305818 0.909767765352824
1403638166.1951   -1.0009496956974 -0.211706738118077  0.660479585012827 -0.0999781433655984 -0.333652599854031 -0.237893165906929 0.906690220017064
1403638166.3451 -0.989401418150679 -0.222052906187689  0.669674193920934 -0.100417319306435 -0.335302361443996 -0.244119091324043 0.904375230556716
1403638166.4951 -0.979908913734776 -0.234406287823426  0.678112899467531 -0.100416378956569 -0.336502088359123 -0.247512553163057 0.903006329653289
1403638166.6451 -0.970067953725921 -0.246114675105928  0.685764856264421 -0.10118247699188 -0.339300014782257 -0.246030265787095 0.902278623616496
1403638166.7951 -0.960471344624026  -0.25595431298034  0.693557769613798 -0.11117547957014 -0.342938482823647 -0.235449213796725 0.902550207724461
1403638166.9451 -0.950659487113951 -0.263670643132659  0.701985175238089 -0.139049902197974 -0.342457209907756 -0.2268220738593 0.901077094865414
1403638167.0951 -0.940965935059097 -0.270755422897534  0.712035780681748 -0.150963816990052 -0.338620300611393 -0.234379362451138 0.898672650318592
1403638167.2451 -0.933274088282099 -0.278730836063368  0.724146182687028 -0.145386848786648 -0.336501820589757 -0.244499534363367 0.89769101958066
1403638167.3951 -0.927046526050153 -0.288609990223467  0.736802902279056 -0.139200361942787 -0.336125194486494 -0.247005170435282 0.898126694094241
1403638167.4951 -0.923687561012344 -0.295243625188807  0.745812027987702 -0.134731795143782 -0.337241438266724 -0.243301692444844 0.899399712111695
1403638167.5951 -0.920631811625974 -0.301340800905687  0.755286401426205 -0.128455511751355 -0.339464848555057 -0.235372215473939 0.901588996316548
1403638167.7451 -0.916220863632649   -0.3092059459662  0.770593198899169 -0.124804931552499 -0.336341878267003 -0.216781387937273 0.90791172468913
1403638167.8951 -0.910986277760555 -0.316513903642166  0.786989895564291 -0.123870759510341 -0.321860435527657 -0.201319112688547 0.916805600902707
1403638167.9951 -0.907010571050759 -0.321145407743373  0.798701642941859 -0.12109567138545 -0.30771542067344 -0.195484550193749 0.923272900548382
1403638168.0951 -0.902725149340287 -0.326250343342672  0.810918058840877 -0.118082859028948 -0.295412748436731 -0.190008202616125 0.928808176860645
1403638168.1951 -0.899337759987369 -0.330790630001178  0.824405646236226 -0.113851209529544 -0.281423503314918 -0.187509422028606 0.934172859015459
1403638168.2951 -0.894130221569446  -0.33768958335088  0.836391317435613 -0.111032868591211 -0.265297188426363 -0.190102478120744 0.938695984713808
1403638168.3951 -0.889267652696445 -0.345235085712235  0.849100057187973 -0.105418401622538 -0.248505602412347 -0.189180180807952 0.944109519790208
1403638168.4951 -0.884340433318554 -0.352881364052814  0.861924013303354 -0.104040995876427 -0.231661906786535 -0.195911493243105 0.9471678409534
1403638168.5951 -0.879232329428789 -0.359994515463217  0.874861073540785 -0.107551351024511 -0.216691210483949 -0.20821408060674 0.947694319297575
1403638168.6951 -0.874643263770159 -0.365662105023053  0.888284985568908 -0.109959040556499 -0.205339791029119 -0.218539387489397 0.947620765779102
1403638168.8451 -0.867639355578939 -0.374179491048556  0.908182917323724 -0.113103567607985 -0.198441031250123 -0.224480528768484 0.947331637978251
1403638168.9951 -0.862833675212378 -0.380148104823061  0.928960120576046 -0.113162680954315 -0.197375530026305 -0.226419141563922 0.947085782872662
1403638169.0951 -0.859134392654649 -0.384245524235622   0.94298403033236 -0.104265259919306 -0.203201536318231 -0.222233047721178 0.947866216146787
1403638169.2451  -0.85493559764329 -0.388888964360301  0.964494343980905 -0.0974068119740368 -0.213574115103674 -0.205485763151178 0.950091370069698
1403638169.3951 -0.850840196382412 -0.392732896829268  0.986405559418266 -0.0884709705683061 -0.215747431051029 -0.172802675844351 0.956956199929033
1403638169.5451 -0.845531785081924 -0.396800561800451   1.00826238624361 -0.0762257605839977 -0.201613733929378 -0.152149657965448 0.9645683061844
1403638169.6951 -0.839427815129672 -0.401900205546516   1.02983130976789 -0.069334971337149 -0.170461571640377 -0.153331967408605 0.970888676478501
1403638169.8451 -0.830555029150747 -0.409447496029406   1.04986676943541 -0.0630670177996075 -0.130565833381996 -0.166659123483236 0.975294750820965
1403638169.9451 -0.824199950231853 -0.415289748377453   1.06291246599771 -0.05319222100981 -0.102572712372224 -0.175737589391184 0.977632715274824
1403638170.0951 -0.816141278758058 -0.423643508734502   1.08080301041296 -0.0323264355145524 -0.0664605408624135 -0.169764082315933 0.98270959821843
1403638170.2451 -0.807369768860191 -0.431457956804979   1.09663587801135 -0.0272104292841913 -0.0325965208974445 -0.148705432298237 0.987969510546022
1403638170.3951 -0.798338133989518 -0.437102769085993   1.11104933078299 -0.0294820537717819 0.0021236110991387 -0.126613914141748 0.991511581136097
1403638170.5451 -0.788562666511111 -0.441731663256381   1.12374313980716 -0.0288833298552972 0.0338926393568793 -0.103785541351143 0.993602336782852
1403638170.6951 -0.778527131559296 -0.447772076439483   1.13445782547878 -0.0158449128882168 0.0638012817511122 -0.0850468838989445 0.994205895537519
1403638170.8451 -0.767375163663719  -0.45491552257124   1.14285371162167 -0.00953290467224917 0.0952829706586364 -0.0749346652190578 0.992580009459934
1403638170.9951 -0.754983133887297 -0.461646249406461   1.14930490211625 -0.00560842642755058 0.127668392771928 -0.0688714197647143 0.989406920624488
1403638171.1451 -0.741087755275771 -0.467267075156077   1.15442603247292 0.0016106398562916 0.1530513639825 -0.061154799461691 0.986322856028973
1403638171.3451 -0.721635207827117 -0.473354902855829   1.15912745838585 0.00842133351996981 0.170771143640794 -0.0521372396230109 0.983894306257463
1403638171.5451 -0.700089157147688 -0.478416772426398   1.15948429140349 0.0164284545724717 0.181474563511681 -0.0439215764534234 0.982276938444781
1403638171.7451 -0.676594108357891 -0.482471043339725   1.15598834395851 0.0255684821225188 0.195735725313359 -0.0322708432553695 0.979792004066981
1403638171.8951 -0.657769574321033 -0.485376477056873   1.15004471736303 0.0338496895649039 0.206577741217446 -0.0225193857901836 0.977585143408742
1403638172.0451  -0.63668959207382 -0.488900267874702   1.14071110841816 0.0410653880837846 0.217369192285978 -0.0264247645418721 0.974867170421374
1403638172.1951 -0.616694153519865 -0.492294921556692   1.12757678309872 0.0396080563194939 0.224611714805186 -0.0293025106123423 0.973202004888337
1403638172.3451 -0.59509473214586 -0.49358761169145  1.11279408663536 0.0382408269097551 0.227726805614635 -0.0325931302728632 0.972427801443803
1403638172.4951 -0.573291048079246 -0.492308898211653   1.09603768216141 0.0415089651237593 0.226067699532226 -0.0321260037013745 0.972696417660074
1403638172.6451 -0.550453453795983 -0.488255020212014   1.07729919154102 0.0461192138407798 0.221385712458559 -0.0294457671118448 0.973650004484733
1403638172.7951 -0.526547481747582 -0.482349648995408   1.05607490181049 0.0452724992378801 0.217107562341645 -0.028859945501174 0.974670103538882
1403638172.9451 -0.502322140522323 -0.475327675927164   1.03240130415233 0.0428956142148684 0.210832437096686 -0.0241230828922186 0.976282605919401
1403638173.0451  -0.48549814405555 -0.470198062616473   1.01539379894073 0.0367360556777465 0.206909901705319 -0.0203255168326191 0.977458760334687
1403638173.1451 -0.467863962434157 -0.463829843232251  0.997164908896566 0.0288724017160686 0.203028502182933 -0.0164599900001473 0.978608645194644
1403638173.2451 -0.449774429170419  -0.45698117001375  0.978407858647291 0.0218016323064253 0.203537032218603 -0.0211988082511919 0.978594898756962
1403638173.3451 -0.431305293636754 -0.449411013343641  0.959008907880229 0.0146474207262997 0.206130428315606 -0.0297502093151818 0.97796248631233
1403638173.4451  -0.41252491157822 -0.440915050287482  0.939564398864442 0.0105620930246324 0.212580362908015 -0.047331188694505 0.975939439757202
1403638173.5451 -0.393428648317744  -0.43185687792512  0.919746749245128 0.00533136435290459 0.217697089968414 -0.0594296080505344 0.974190779704048
1403638173.6451 -0.374698636114357  -0.42228045576316  0.899794595421781 0.00357479318762487 0.220153963562783 -0.0637859282527982 0.973370848411946
1403638173.7451 -0.356528761033578 -0.412315449546364  0.880000738189999 0.00287811667778967 0.22156662077113 -0.0641201717127607 0.973030602079902
1403638173.8451 -0.336961859045488 -0.401741350117177  0.859631076334483 0.00155536222777611 0.222683067465298 -0.0620998093921896 0.972909783066261
1403638173.9451 -0.319698286721069 -0.391893645746703  0.839176115490562 0.00152269293365598 0.22384279603782 -0.0629072165681951 0.97259177776282
1403638174.0451 -0.302386988169418 -0.382499060686583  0.818469550295006 -0.00123252866442106 0.224717798462929 -0.0622146141314242 0.972434950891597
1403638174.1451 -0.285275330893139 -0.373860749903043  0.797686497019174 -0.0021712547831251 0.225364507983243 -0.0629559058968754 0.972235916898178
1403638174.2451  -0.26879368557602 -0.365193384918081  0.776684460003386 -0.0102626212651263 0.226580862949064 -0.0627595524183449 0.971914106148416
1403638174.3451 -0.252141779562228 -0.355812063210077   0.75609911630138 -0.0192237942185634 0.227045126131524 -0.0615035252735758 0.971750108214393
1403638174.4451 -0.235627168316739 -0.345619953427765  0.736492221023547 -0.0251759688771966 0.227583139389157 -0.0608455215403483 0.97152967415584
1403638174.5451 -0.218886183951498 -0.336438293881896  0.716180648209688 -0.030343525515658 0.226471978303922 -0.0578159039627077 0.971826648508551
1403638174.6451 -0.202682648091085 -0.327633806175224  0.696460886745839 -0.038296323363805 0.22837939926735 -0.0614382872740131 0.97087670610842
1403638174.7451 -0.186828132937591 -0.319615830176336  0.677224391316515 -0.0465711575728433 0.229991477491387 -0.063467532301886 0.970003566955897
1403638174.8451 -0.171263841687486 -0.311833864756868  0.658878589377978 -0.051844057238086 0.231189179042167 -0.0640765717896921 0.969411135778099
1403638174.9951 -0.148128606832455 -0.302559313134794  0.631636477897379 -0.0556543706873626 0.232737596715203 -0.0653427821541956 0.968744611814164
1403638175.1451 -0.125309579186919 -0.294754614843916  0.606105128825012 -0.0532544177945887 0.235016770830361 -0.0678630252334437 0.968155821249862
1403638175.2951 -0.103981013559069 -0.289021520016359  0.583582521970411 -0.0576782746031792 0.238974041890237 -0.0688890234403842 0.966860344822805
1403638175.4451 -0.0827800382589707  -0.284262710483163   0.560581376352932 -0.07276136949304 0.242788384132685 -0.0709197925485547 0.964743471947132
1403638175.5951 -0.0624188595739516  -0.281584734682093   0.540591197225626 -0.0928499951161243 0.245711558412047 -0.0717350964130038 0.962215560263019
1403638175.7451 -0.0429524411325493  -0.281379671737834   0.523887507212061 -0.109964553096077 0.245749398334434 -0.0672124786116979 0.960727595627145
1403638175.8951  -0.02325051370612 -0.281429086109914   0.51125038015993 -0.117903345220679 0.246368292697739 -0.0702985369718986 0.959405848032304
1403638176.0451 -0.00321663907580817   -0.280902499107195    0.502891986988358 -0.108718278881048 0.247345709193334 -0.0845349614579983 0.959090337909878
1403638176.1951 0.0158780853259172 -0.281257365912818  0.499228926498407 -0.0705264373084749 0.245270780185989 -0.0983986213307119 0.961865883243472
1403638176.3451 0.0336440562009117 -0.283002217402902   0.49581975529629 -0.0423750300353664 0.241050893477787 -0.0972812843022008 0.9646943429437
1403638176.5951 0.0590619133418526 -0.287627339602183  0.492463297040142 -0.04039337540157 0.243168889183245 -0.0994119549251725 0.964030357289131
1403638176.8951 0.0822689902627157 -0.296806830384892  0.490609639786607 -0.0426640464287306 0.242175429645726 -0.0927563086503117 0.964845639272834
1403638177.2451  0.102700251492326 -0.304680688449446   0.49384608277674 -0.0471947754923887 0.246048964287 -0.101265488826134 0.962796895047092
1403638177.6951  0.121958846428419 -0.304952450513906  0.505926854783241 -0.0412729993849636 0.239280470081172 -0.0685964606887876 0.967644522405038
1403638177.9951  0.134385477278166 -0.302597523153788  0.516505636667522 -0.011418431263538 0.239062801942719 -0.0505925115421251 0.969617962875398
1403638178.2951  0.147524291333879 -0.304975441691895  0.521785924165203 0.00373964252722207 0.272321022057109 -0.0495350365873693 0.960923283186451
1403638178.4951  0.155964500873225 -0.308661754948471  0.522215766373586 0.00891308750291049 0.313557400006245 -0.0311453468386117 0.949016480964789
1403638178.6451  0.162486701003879 -0.310058654122226  0.520144564986553 0.00434936705651369 0.347254537193839 -0.00968917752842813 0.937710770570181
1403638178.7951  0.169527698504769 -0.310470441767516  0.517636439380739 0.00672763330688175 0.379935126483002 0.00536145021525894 0.924973131213022
1403638178.9951  0.179885977064585 -0.309502075362782  0.513149389185495 -0.00386879926790699 0.412605734718386 0.019212468254237 0.910698864133093
1403638179.1951 0.191955257935076 -0.30719942338988  0.50841562208996 -0.0183929111359799 0.433833237910673 0.0213328872990929 0.900552791580466
1403638179.3951  0.206178120298629 -0.304133822100514  0.504348206539154 -0.0229801794380358 0.45935509035142 0.0233213993177601 0.887649099957351
1403638179.5451  0.218106732063843 -0.301863995523483  0.502168342361811 0.000694870638206292 0.483011178021892 0.0303782268153401 0.875086785636862
1403638179.6951  0.230767357217148 -0.299901061541339  0.499195977052543 0.0151574672828245 0.510809991017521 0.0395356992567639 0.858650297121319
1403638179.8451  0.243228148674388 -0.299255618087029   0.49568653529739 0.0233707270849772 0.540571379298478 0.0492352880097358 0.839530987762488
1403638179.9951  0.255144962839543 -0.299841621760964   0.49170926042885 0.0202393955790114 0.564678702979913 0.0640474636550215 0.822572946106835
1403638180.1951  0.270986472386999 -0.301679325902102  0.486121178843679 0.0180422916692526 0.58164371663628 0.077582025682932 0.809534490864836
1403638180.4451  0.292380870786989 -0.302848948833372  0.478894955660391 0.013798377649313 0.58856096879072 0.0809005125093078 0.804276505852376
1403638180.6951  0.316790526634496 -0.301964194098145  0.471651632827033 0.00568108853105403 0.589459793300376 0.0737525895184735 0.804403774764079
1403638180.9451  0.341248495463922 -0.306016024762014  0.465111533550989 -0.00115841388915278 0.582398357687593 0.0771816790969136 0.809230374770891
1403638181.1451 0.363179302335675 -0.30954893093218 0.460736041088293 0.00620554762365166 0.576184861123067 0.079004959211869 0.813468323545062
1403638181.3451 0.387036574651458 -0.31201206765339 0.456553910434168 0.0286952260718645 0.577036870250271 0.0789942577910893 0.812382263228642
1403638181.4951  0.406032246161274 -0.312597812161644  0.452705419782989 0.0496978495932102 0.590427272214063 0.0892963861509943 0.8005947260581
1403638181.5951  0.418778310021162 -0.312667876798198  0.449176914410613 0.070127363386551 0.605902872992666 0.0903076049494024 0.787279110539576
1403638181.6951  0.431542841604944 -0.312020258803347  0.444610252780846 0.0733802040579019 0.625092581158494 0.0909580306079306 0.771752063360351
1403638181.7951  0.443216868084006 -0.312565958354107  0.439184494491584 0.0685879536011321 0.644791844028605 0.0941012017229951 0.755436386686059
1403638181.8951  0.454371319330063 -0.313472236458975  0.433047988099964 0.0591928057240774 0.664282790651732 0.097851234976206 0.738681068938476
1403638181.9951  0.464760073835091 -0.314933215153512  0.426619809040634 0.0533411169989003 0.678088328303039 0.106274351837214 0.725297667442878
1403638182.0951 0.474594178507655 -0.31710859646564 0.419968959814141 0.0478351374116436 0.686637769262671 0.116744287527908 0.715968675837423
1403638182.1951  0.484248567349744 -0.319834697734312  0.413178555368818 0.0443671531477492 0.69246238482471 0.124604010480239 0.709225804590245
1403638182.2951  0.495214720799578 -0.320850807582299  0.405180521379872 0.0455149934482914 0.693411060297342 0.135405191987597 0.706239988114181
1403638182.3951  0.504712429928751 -0.323375123676512  0.398777684229372 0.04611431382431 0.692902794877338 0.143446149590822 0.705111614625128
1403638182.4951  0.514811253331957 -0.325827742203023  0.391553276051786 0.0378179924392782 0.695109711225194 0.141186192069165 0.703888306464384
1403638182.5951  0.525126009423564 -0.329030888151058  0.383736950771423 0.0267107454339448 0.69772726992856 0.134219105772842 0.70317026709179
1403638182.6951  0.535845264974671 -0.333164265603962  0.375719939530393 0.0217391497797613 0.697248088482106 0.131164584192461 0.704392194965646
1403638182.7951   0.54713411255792 -0.337739079504191  0.367721345701504 0.0225842374531285 0.69546043314581 0.129957183200666 0.70635392593363
1403638182.8951  0.558982901814574 -0.342042252148465  0.359957397214167 0.0262280199271943 0.694029300691123 0.127088081624436 0.708155378615393
1403638182.9951  0.571114947416662 -0.345970503161839  0.352367103722509 0.0332114578109524 0.693175620390394 0.121532363071459 0.709672067290753
1403638183.0951  0.583645854871093 -0.349481155783206  0.345010229983509 0.0386883744815829 0.693306383914816 0.113542626123769 0.710589571944208
1403638183.1951  0.596619698752527 -0.352282293645015  0.337643272452756 0.0389237317182733 0.694218790658888 0.106009036354729 0.710849701425257
1403638183.3451  0.615640784690312 -0.355763765269648   0.32761629794481 0.0278213503872484 0.693354957658553 0.109637468932218 0.711663193202425
1403638183.4951  0.635243354181521 -0.358480560599278  0.318302859097852 0.0155982162959985 0.692221385264656 0.116961702232095 0.711973461332397
1403638183.6451  0.655792792114236 -0.361156863007688  0.309841611006637 0.0139407082815648 0.692168149327207 0.117361395248782 0.711993829056697
1403638183.7451   0.66977886643198 -0.363886638048082  0.304612593660081 0.0226965903512463 0.694108467475247 0.10777777990319 0.711394581315272
1403638183.8451  0.683142963521383 -0.366726238351071  0.298275703119717 0.0295528676423899 0.696483348647025 0.0956753065269983 0.710551763626341
1403638183.9951  0.703928209387664 -0.373550658485687  0.291813690964254 0.0340231763474687 0.697687850977844 0.0921913762750375 0.709630069972843
1403638184.1451  0.723656096055981 -0.381278512504324   0.28577870548055 0.0260720795547848 0.696696887741811 0.101357269125647 0.709690353093484
1403638184.2951  0.743321717389182 -0.388445675746204  0.280577102595565 0.0200640927181483 0.695516815585948 0.111163398906708 0.709574865792249
1403638184.4451  0.763641202732977 -0.394973224177947  0.276163484775602 0.0254447775777165 0.696961543663749 0.105752000055909 0.708811459015752
1403638184.5951  0.784048411433578 -0.401324077675391  0.272699672094519 0.0295528271401843 0.698434370424389 0.101127629091718 0.707876587585857
1403638184.7451   0.80430272750554 -0.407865469914144  0.270013301204481 0.0322626474073623 0.698361756464346 0.101620186401686 0.70775936334745
1403638184.8951 0.824307951865492 -0.41478566937635 0.268144212499937 0.0312811293529329 0.699397374269011 0.100785422928608 0.706899640923038
1403638185.0451  0.843290351657305 -0.421473185383405  0.264966895272702 0.0338982971946681 0.699232488702282 0.0998899854463999 0.707069178368024
1403638185.1951  0.863135677605896 -0.429119319516847  0.265049601914983 0.0300513323231941 0.700113320935826 0.0987172705572877 0.706536025810099
1403638185.3451  0.882530589410006 -0.436792627835733  0.265443529163971 0.0248398728396522 0.702026186716216 0.0929375330324559 0.705623716180118
1403638185.4951  0.901507659960774 -0.444814792037472  0.266922458145716 0.0254656760911401 0.69868216748044 0.0792883069906091 0.710568851386421
1403638185.6451   0.92051439504244 -0.451695404464637  0.266418637373635 0.0242563294769211 0.686176960301915 0.0647563570437293 0.724140472459285
1403638185.7951  0.937513358647193 -0.461002210783767  0.272611039374072 0.0331914055442935 0.671516894806729 0.0685054021244887 0.737068789508065
1403638185.9451  0.953834776391204 -0.469303573117349  0.277973348003408 0.0447791266232487 0.653442991965622 0.0963546798794192 0.749481728753417
1403638186.0951  0.970589451782245 -0.475764367163683  0.282540826695571 0.0393698436010876 0.649551766913752 0.0983726182727303 0.752897964858596
1403638186.2951  0.993300469095636 -0.483284393440902  0.287489493354106 0.0291569887012004 0.65218715448131 0.0888867979034796 0.752263865075224
1403638186.4451   1.00966170438081 -0.490675790666631  0.290983080751874 0.0264524997200939 0.653476714537438 0.086400903868508 0.751533986341681
1403638186.5951   1.02559546708534 -0.499036485019765  0.294520234985605 0.0242038111094552 0.655979120776003 0.0829170385048928 0.74982020068767
1403638186.7451   1.04164151449717 -0.506403536517146  0.298831781357907 0.0178436228602588 0.659091993912023 0.075261371713941 0.748074244050704
1403638186.8951   1.05764266602736 -0.512793053610722  0.304418491182035 0.00883533286508104 0.654544024284845 0.0632219145404674 0.753323998481398
1403638187.0451  1.07326061694774 -0.51963875758801 0.311914203578733 0.00845313993908787 0.634320391878151 0.0573401355088938 0.770894476392548
1403638187.1451   1.0850577025702  -0.5233456772885 0.311568472484342 0.0158601393506314 0.611509522467065 0.0486658980159487 0.789579755491605
1403638187.2451   1.09320759226361 -0.531104000059956  0.320589680027537 0.0241114697432755 0.588404980725726 0.0414362202622274 0.807143887627452
1403638187.3451   1.10135849686719 -0.538259032677014  0.326860146426571 0.0296013473950001 0.566136550218361 0.029495983872268 0.823251573745633
1403638187.4451   1.10904992270129 -0.545644516673292  0.332594386083618 0.0340370916051855 0.548612862653035 0.0182405353670536 0.835184222909069
1403638187.5951   1.11992638448628 -0.556285191513976  0.340157628207414 0.0273491412509045 0.530989175972524 0.0147497567270396 0.846808693950027
1403638187.8451   1.13865849098723 -0.569716604925972  0.348216350583211 0.0113078943557907 0.522305362185456 0.0101116553722604 0.852623594901754
1403638188.0951  1.15304954961721 -0.58250557342595 0.363593569223149 0.0121893480849981 0.53127492680412 -0.0104241613344309 0.84704764258158
1403638188.2951   1.16295133631157 -0.589787415848055  0.376903816130354 0.0330069964979402 0.53401125107362 -0.0176279853711086 0.844648906967107
1403638188.4951    1.1688103188135 -0.594674761825124  0.390633464884844 0.0702953456838599 0.530551374531994 -0.0162126604742026 0.844577381296555
1403638188.8451   1.16436461353267 -0.598775183607955  0.408990346653242 0.0592235913877312 0.515224628714514 -0.00981443317157844 0.854950188660515
1403638189.1451   1.15356380659559 -0.602509737282853  0.412045140448568 0.0453883978878832 0.490677838347702 -0.00854050193798263 0.870116206100223
1403638189.3451   1.13585735226701 -0.605149102214333  0.419200230233032 0.0326241252465612 0.459906577644823 -0.00989944037599388 0.887312575911761
1403638189.5451   1.11876072408856 -0.604917705580783  0.423143620426326 -0.00210589563279746 0.435305659365354 -0.00594861527047016 0.900260607882208
1403638189.8451   1.09459565104065 -0.607552342141273  0.426981277665536 -0.0272290630543987 0.418708396897024 0.00623039651035841 0.907691048018227
1403638190.2451   1.07436119548068 -0.608189192901394  0.437376080411122 -0.00580314427943778 0.423204425776428 -0.0128084636317992 0.905925096671413
1403638190.4451   1.06538079718907 -0.604503912584662  0.443868663787896 0.00312814600815849 0.421613403189557 -0.0535882343056262 0.905185425256879
1403638190.6951   1.05132281824939 -0.598459294488564  0.453092155057098 -0.0012173117625823 0.405798488980575 -0.0558872737379536 0.912251454987765
1403638190.9451   1.03676719475623 -0.592024171475159  0.459766202170406 0.00108209893424703 0.389884449387506 -0.0401954411822293 0.91998547363307
1403638191.2451   1.00958175478324 -0.592102106507273  0.470976524211208 -0.00431028279321454 0.386945957605688 -0.0321688594110333 0.921531015125944
1403638191.4951 0.986202235802831 -0.59385763377584 0.477856812874008 -0.021424578352726 0.388993526709035 -0.0248394522152874 0.92065630136035
1403638191.7451 0.963701797416019 -0.59244548860246 0.485634512524349 -0.0250959249204702 0.394063234115161 -0.0332008024804524 0.918140549581457
1403638191.9951  0.944981172934013 -0.589528405285138  0.497874356049766 -0.0272628273336311 0.396470933608513 -0.0371846203768386 0.916888674298467
1403638192.2451  0.923761212040524 -0.590087997351329   0.51133752630681 -0.0211149378709157 0.395137633757458 -0.0365533847048839 0.91765149150093
1403638192.4451 0.908887660705582  -0.5932737429168 0.521164796686321 -0.00598431931366729 0.391409449523064 -0.0363816728191242 0.91947768033231
1403638192.6451   0.88836925883425 -0.599523808479944  0.532542751918399 0.00890459521960327 0.391463598249609 -0.0409504354191526 0.91923882711101
1403638192.7951 0.873311110592925 -0.60335594414131 0.539945521764327 0.0264865257375857 0.38979516067333 -0.0416007220478488 0.919580108851373
1403638192.9451  0.859048827304555 -0.605455302397552  0.546257882366413 0.0521230985347757 0.383860645842146 -0.0361165567164969 0.921211040697911
1403638193.1451  0.838590666175394 -0.607447465300928  0.551242244048541 0.0611307083858182 0.369680102448496 -0.0287478942852065 0.926700176389367
1403638193.3451  0.813792454277871 -0.609900099210322  0.551129383807429 0.0348442129707839 0.36180813001082 -0.0386849367728871 0.930797632972602
1403638193.5951   0.78183061265571 -0.612622991446721  0.544878991396623 0.0286083956010521 0.355809698543178 -0.0512993736287455 0.932710776387324
1403638193.7951  0.754858778546105 -0.611013964030156  0.538152570127824 0.00475885770230958 0.353818480290678 -0.0417161219799874 0.934371233207185
1403638193.9951  0.728589613173051 -0.606973157116432  0.531070632377149 -0.00600096537391607 0.354422044826731 -0.0367282886287507 0.934344709071456
1403638194.2451  0.697743832927981 -0.599540954329259     0.521371956203 0.00977312342729639 0.355925771054335 -0.0432606074608585 0.933461221154885
1403638194.4951  0.667355648196247 -0.589770132326863  0.511483488767848 -0.00174959106738046 0.356483528499667 -0.0347610767988016 0.933653094237529
1403638194.7451  0.637649612073819 -0.582947939897156  0.499631470771176 -0.0218402832042938 0.358980762770196 -0.0286310358261885 0.932650029634913
1403638195.0451  0.605632236447891 -0.573273947062447  0.487819472701885 -0.0352812689757555 0.361879752752139 -0.0271267578416543 0.931161863274324
1403638195.2951  0.582794928548731 -0.562603526960976  0.481444442016297 -0.0562886322816307 0.36134333956267 -0.0167927025827153 0.930580778852394
1403638195.5451  0.564253504176957 -0.552712870280556  0.479738842650179 -0.0362042540612558 0.360458714263039 -0.0222456541699908 0.931806792296694
1403638195.8951  0.542858107129401 -0.540557214745756  0.481134162791769 -0.0351200931146507 0.359534443505602 -0.0241502819948287 0.932157887308961
1403638196.3451 0.520029019710769 -0.54025069818741 0.486848603854144 -0.0231470248687697 0.359152970168278 -0.0313429663296434 0.932465000802007
1403638196.6951  0.506958710564499 -0.539759905853506  0.495082778049865 -0.0400250975398308 0.359299084584232 -0.0185859343604743 0.932178482066502
1403638197.1451  0.499057661031341 -0.538257649960099  0.512274493002675 -0.0228071424236405 0.360534134226042 -0.0265585258309594 0.932088846096783
1403638197.4451  0.495180922388042 -0.544135842966331  0.524623839915042 -0.0131549260665826 0.366807666504392 -0.0520745176872649 0.928745028692711
1403638197.7951  0.485606488844224 -0.556389122774103  0.538516341982357 -0.00894766648062264 0.365478291896641 -0.0526008269726038 0.929289357745295
1403638198.0451  0.477064585047102 -0.561977182030907  0.548869850293848 0.0184096508777821 0.359703492557656 -0.049659384268342 0.931562358487327
1403638198.3951 0.466276143280668 -0.55295791694144 0.563209897150897 0.000911770617123157 0.3605950212004 -0.045004798047963 0.931635640962971
1403638198.6451  0.458026539811248 -0.541507356283907   0.57276484151855 -0.0106417717540758 0.370549182846005 -0.0763332733876612 0.925609684024544
1403638198.8451  0.447798008677744 -0.532555386478988  0.581407910799771 -0.00899668971213697 0.377089360135318 -0.104814066826941 0.920182963025374
1403638199.0451  0.430771563423531 -0.525769333086855  0.590698280946459 -0.0108029411934278 0.376204225232601 -0.100415044560971 0.921016013001146
1403638199.2451  0.409314229626929 -0.521568466638432  0.601089393768181 -0.00586897226821538 0.373992331626137 -0.09327351735682 0.922710865877956
1403638199.3951  0.389387844237495 -0.519917274203155  0.609201348317456 -0.000939182400712281 0.374636509911056 -0.0961665628960634 0.922170589185558
1403638199.5451  0.366228258564888 -0.519168315230283   0.61749725989918 -0.0100022948639529 0.377774025461005 -0.101473309848712 0.920266215381609
1403638199.6951  0.339653078386129 -0.519667714262692  0.626546264995276 -0.0135914437087474 0.366731814436424 -0.099761807232625 0.92486249289057
1403638199.7951  0.320474382708397 -0.520483892615412  0.633069825937324 -0.0143041277992224 0.354293405315219 -0.0861789286735438 0.931044986631006
1403638199.8951  0.301072422308654 -0.520637532269179  0.639968052770063 -0.0156019294933149 0.344359643251297 -0.0750615484204428 0.93570229231559
1403638199.9951  0.281537683902374 -0.520136180930358  0.647051204223377 -0.016303967960126 0.336928472470085 -0.0704841329103381 0.938746702830752
1403638200.0951  0.26198220303662 -0.51894871934773 0.654154076439256 -0.0183014010653101 0.328265815400289 -0.0742517801823944 0.941484618195314
1403638200.1951  0.242766836740256 -0.517644499932373  0.661261689883671 -0.0164720881335091 0.317413326429356 -0.087728384544435 0.944076893617674
1403638200.2951  0.222912141524639 -0.517059688031886  0.668281871442004 -0.00967708988969288 0.301675366249421 -0.0977142096746951 0.948340793468885
1403638200.3951  0.202668477596436 -0.516920739153031   0.67458313368331 -0.00522957179419983 0.284764186364676 -0.1066849032797 0.952628123222863
1403638200.4951  0.181925556192605 -0.516908485195718  0.680507689597977 -0.00945026879039432 0.273616261855444 -0.119728603964742 0.954311214992623
1403638200.5951 0.160469758845733 -0.51710840214928 0.685887287160474 -0.0145656067306186 0.262436784207959 -0.129999174703281 0.956041312900034
1403638200.6951  0.138525255352547 -0.517772314411404  0.690803460977744 -0.0190632524499669 0.250328925327145 -0.144154066593063 0.957178994042007
1403638200.7951  0.115317685708043 -0.518644348350011  0.696486729776585 -0.0262569384994287 0.240183095183806 -0.149515696028941 0.958784496437831
1403638200.8951 0.0906053080553802 -0.517755023690302  0.701489220748148 -0.0316189605880351 0.231629726751969 -0.148379412540078 0.960901379409147
1403638200.9951 0.0651083896407455 -0.516348817424355  0.707101274983776 -0.0305056824306271 0.222239707667593 -0.134906023376616 0.965131742578169
1403638201.0951 0.0388382116530476 -0.514318432407667  0.713917428603148 -0.0283875035474058 0.216732381702807 -0.123423109357819 0.967981384345909
1403638201.1951 0.0129150681887302 -0.511532794739221  0.720021442965776 -0.0272691111665044 0.21459781966327 -0.117212510377092 0.969260232746118
1403638201.2951 -0.0124318613519013  -0.507891617890312   0.726452901081723 -0.0261258572195276 0.215033405995959 -0.113618465607941 0.969623080461279
1403638201.3951 -0.0373992098732265  -0.503267719992527   0.732731112640405 -0.0267273988325059 0.217229661569157 -0.115281829245193 0.968920543766144
1403638201.4951 -0.0620218672956862  -0.497978768259986   0.738932831248911 -0.0243891071373878 0.218628819690402 -0.114250602357064 0.968789662679609
1403638201.5951 -0.0854389753414629  -0.492569431580488   0.745056662727157 -0.0222836013917892 0.220880096741319 -0.116231879196673 0.968093783799363
1403638201.6951 -0.110679029915489 -0.485447006204826  0.751163244589806 -0.0196953047742097 0.221689751349789 -0.114867301583374 0.968127704460147
1403638201.7951 -0.135293900627165 -0.477656974092034  0.757275337278807 -0.0195852305896403 0.223425747832725 -0.115533642713649 0.967651451375677
1403638201.8951 -0.159053270041725 -0.469684042956168  0.763234129913753 -0.0194655039283032 0.222482301957279 -0.113085824736957 0.968160273775045
1403638201.9951 -0.184058157676934 -0.461554513704883  0.768875494273171 -0.0209668303287128 0.217098470715198 -0.11418535110119 0.969221518350159
1403638202.0951 -0.208454402567261 -0.454276620396966  0.774210506150867 -0.0228963162263409 0.207540809446272 -0.109703401172463 0.971785848265369
1403638202.1951 -0.232277607884109 -0.447402441656929  0.778933180002849 -0.0286326716747672 0.198842577947515 -0.101785136098946 0.974310825854496
1403638202.2951 -0.256902497625436 -0.440783791754687  0.783370569121414 -0.0370028902148477 0.192829927910362 -0.0972525863075364 0.975699410409952
1403638202.3951 -0.280854132624765 -0.434459184128009  0.787626067891186 -0.0395445800950704 0.188911455011558 -0.0962088414709092 0.97646942971777
1403638202.4951 -0.304496338963151 -0.428329520254014  0.792245301228534 -0.0408497522014971 0.186510469704008 -0.0953744577944251 0.976958983395048
1403638202.5951 -0.327433701802867 -0.421515051946558  0.796790607163071 -0.0419353107808062 0.184122720742138 -0.0914492354166137 0.977740911876938
1403638202.6951 -0.348158145734492 -0.414673866106165  0.801764697849836 -0.0439029078544188 0.183365518673496 -0.0897944264636115 0.97795019414058
1403638202.7951 -0.370804118093243 -0.406332325046797   0.80616086497137 -0.0434718660173025 0.184060795623372 -0.0912627835581845 0.977702881614183
1403638202.8951 -0.392228101650088 -0.398359175607762  0.810724681810157 -0.0415401847953366 0.184473576297848 -0.0931625519103895 0.977529872493212
1403638202.9951  -0.41329099158664 -0.390501231837537    0.8154660927502 -0.0401131334073041 0.184484597936209 -0.0915861325757946 0.977736339701237
1403638203.0951 -0.432475733564038 -0.383154250116688  0.820331302878194 -0.0388724020747175 0.183895875379655 -0.0909309925928802 0.977958484784178
1403638203.1951 -0.452756681562169 -0.376981319324126  0.824372190300623 -0.034315471482877 0.184825326378308 -0.0951528563385573 0.977552034971374
1403638203.2951 -0.472235734164672 -0.371753116124368  0.828133844314264 -0.0291926363977459 0.18436960616245 -0.0966732082285012 0.977655322245249
1403638203.3951 -0.491116803292094  -0.36682944263661  0.831951252863353 -0.0268436707387716 0.183315575564073 -0.0952601769217491 0.978059464342388
1403638203.4951 -0.509869463247161 -0.361158503525394  0.835366221484127 -0.0266788120217088 0.182594667618422 -0.0932686902183296 0.978390709160397
1403638203.5951 -0.528418869509851 -0.355159532269739  0.838482224669151 -0.0270660753786778 0.181534675576784 -0.0898269103568152 0.978899236542033
1403638203.6951 -0.546410078832325 -0.349259420159547  0.841420613648588 -0.0289589589561274 0.181341886378208 -0.0893412106771271 0.978925250984832
1403638203.7951 -0.564387735414483 -0.344289580381826  0.843579842821179 -0.0288312613403925 0.181690586586723 -0.0911918524113148 0.978693688121614
1403638203.8951 -0.582284642424463 -0.340136070112547  0.845409829394276 -0.0282079956362854 0.181190958491957 -0.0924336539178667 0.978687981517266
1403638203.9951 -0.599948967163073 -0.336324645739778  0.847647987703829 -0.0291300738247613 0.180393609269643 -0.0914055465780668 0.978904801596356
1403638204.0951 -0.617143059008148 -0.333211159339167  0.848378107564879 -0.0329271421252972 0.179075053442242 -0.0901141738979804 0.979146242503541
1403638204.1951 -0.634074317275528 -0.330850084587603  0.848954328883108 -0.0372895286513234 0.176913223744273 -0.0842212849745894 0.979907126963877
1403638204.2951 -0.650568002385898 -0.329176781031008  0.849269452913792 -0.0430140503694486 0.174139036736099 -0.073205751164987 0.981053670984319
1403638204.3951 -0.666326119843727 -0.328101226938884  0.849314336678671 -0.0503615321051758 0.171511201175905 -0.0591061122441806 0.982117147518867
1403638204.4951  -0.68121580608393 -0.326564391614897  0.850274085105872 -0.0525080375794028 0.171460451974994 -0.0523901732937764 0.982394772553447
1403638204.6451 -0.701272963667211 -0.324581896948476  0.850618420520678 -0.0494783957727081 0.16800574184299 -0.0530739543507304 0.983111954168559
1403638204.7951 -0.718816589693709 -0.321189874622881  0.851439416649805 -0.0519770933122694 0.156535840591733 -0.0723893820352469 0.983643578614532
1403638204.8951 -0.729403953967318 -0.318216927868946  0.852311909946654 -0.0514165326458608 0.142365097799754 -0.0962218682951365 0.983783447289563
1403638204.9951  -0.73976325772567 -0.314668150780887   0.85340786146441 -0.053675400456136 0.118772163343129 -0.115528452731369 0.984715847953186
1403638205.0951 -0.750120387523328 -0.310570372185504  0.854649478779863 -0.0570874532657421 0.0866284016184162 -0.134225776408232 0.985504938425109
1403638205.1951 -0.760795103200913 -0.306674109193398  0.855860567410847 -0.0604718005514193 0.0446251664759436 -0.147682980469893 0.986175183795756
1403638205.2951 -0.772034755619076 -0.303257253857672  0.858386060655644 -0.063700249327875 -0.0026564122954004 -0.162040557914186 0.984722336143617
1403638205.3951 -0.783024891013028 -0.300838657123238  0.858301336457974 -0.063773443127469 -0.0503339268893068 -0.1766358813884 0.980917534332888
1403638205.4951 -0.794257949302298 -0.299017243864897  0.858278885275747 -0.0611174739823862 -0.0896822412780405 -0.195206653685333 0.974738997029633
1403638205.5951 -0.805765840528947 -0.297841703733738  0.858058690868955 -0.0568031562176482 -0.116272253501359 -0.21541430827301 0.967910553874008
1403638205.6951 -0.817570032177149 -0.297158204978514  0.857059479551748 -0.0474167528781538 -0.133941810702369 -0.232114212783813 0.96225476622151
1403638205.7951 -0.830109033908466 -0.297355747383767  0.855628738476065 -0.0434904389188344 -0.15012316312353 -0.241596336418591 0.95770706786864
1403638205.8951 -0.842492476209002 -0.297264173972189  0.854727593061786 -0.0467286143685609 -0.169629986099922 -0.247070252913535 0.95288949754952
1403638205.9951 -0.856277026974888 -0.297283684656802  0.849576198590543 -0.0521465024671107 -0.193661145310733 -0.2470813359556 0.948012086684436
1403638206.0951 -0.869722393938022 -0.297265866688359  0.845707066937871 -0.0561970652667035 -0.218914659790564 -0.248920007313862 0.941783994100058
1403638206.1951 -0.884617507719723 -0.297643530578596   0.83921804137628 -0.0575184238504418 -0.242702541616836 -0.251364224454838 0.935202188767064
1403638206.2951 -0.899277215158167  -0.29726585929586  0.832714477873118 -0.058414833179326 -0.265679023554836 -0.25118616988235 0.928928345873575
1403638206.3951 -0.913396037658052 -0.296229676565271  0.825637688172311 -0.0622009233035122 -0.285534209660122 -0.242697742513036 0.925040034827162
1403638206.4951  -0.92756800417596 -0.293170146426787  0.818219981100122 -0.0619161043555543 -0.297901439385382 -0.23517698449528 0.923099623224523
1403638206.5951 -0.941843533635854 -0.291440896527655   0.81067439817954 -0.062456449843719 -0.306147758203334 -0.231845634546673 0.921205918218963
1403638206.6951 -0.955201955573027 -0.288634614190964  0.802918958007685 -0.0625477656209899 -0.314175406938111 -0.229017753710647 0.919202077443487
1403638206.7951 -0.967804053157143 -0.284776927370602   0.79488596536807 -0.0655488578173542 -0.323415454570363 -0.229975114847384 0.915542045749303
1403638206.8951 -0.979813633161341 -0.280454346255313  0.786310803377359 -0.0655268180217105 -0.330621380195657 -0.231463618832213 0.912589903644876
1403638206.9951 -0.991250862368948 -0.275921248746994  0.777702159923773 -0.0635901009114078 -0.336881485824022 -0.229095115765704 0.911033803712779
1403638207.0951  -1.00354882782623 -0.270510184559502  0.769312120437847 -0.0609027422668608 -0.340190771582726 -0.229030632712731 0.910003331968368
1403638207.1951   -1.0117159787526 -0.264076211640406  0.759527086791094 -0.0600816491745032 -0.344016382732501 -0.226477174786456 0.909258496328114
1403638207.2951  -1.02009664413216 -0.256951726871207  0.749680687156478 -0.0583914823395243 -0.351205893275259 -0.22768806349553 0.906312860474007
1403638207.3951  -1.02748373418453 -0.249789008689288  0.739383278942929 -0.0561927317062833 -0.364499314580125 -0.227820538168922 0.901155052675414
1403638207.4451  -1.03124312745872 -0.245949676117319  0.734047061658346 -0.0558048642256667 -0.372793482624209 -0.228913567147845 0.897501763350534
1403638207.4951  -1.03440060931979 -0.242637272726917  0.728431310840844 -0.0556447454765929 -0.382407545537208 -0.230833746201882 0.892963556384838
1403638207.5451  -1.03731993040543 -0.239353200815021  0.722689630365683 -0.0588824618864738 -0.391862525496789 -0.231859875194713 0.888379206796376
1403638207.5951  -1.03978737043717 -0.236106986190348  0.716841269971388 -0.0623869084607629 -0.399171709964869 -0.236625115042028 0.883616644562436
1403638207.6451  -1.04169738599799 -0.232469186840919  0.710845021224026 -0.0690069104551826 -0.406276079598803 -0.236682371501261 0.879863198727959
1403638207.6951   -1.0439579067148 -0.229492092062828  0.704531625610968 -0.0763381501655767 -0.411315383274229 -0.240112108539352 0.87597849154192
1403638207.7451  -1.04620151951211 -0.226967201326142   0.69834406190138 -0.0822446304291918 -0.416416564094257 -0.240029238639546 0.873051562344183
1403638207.7951  -1.04831238108387 -0.224622170682277  0.692099002964702 -0.0871089892158903 -0.420133302121409 -0.241403150965097 0.87041630910184
1403638207.8451  -1.05014060196156 -0.222510231999723  0.685756258942944 -0.0929294613250964 -0.422724926300599 -0.242296624910858 0.868308756986124
1403638207.8951  -1.05152900867146 -0.220724346989158  0.679402098717444 -0.0988978793080751 -0.424368981324491 -0.243842842228689 0.86641263001633
1403638207.9951  -1.05579399998237 -0.217709464310401  0.667721560481384 -0.104459654844733 -0.42587300521663 -0.246604183258396 0.864237664497987
1403638208.0951  -1.05910361855407 -0.214911770915382  0.656280715175248 -0.102973364734744 -0.427242753378064 -0.246140701967339 0.863872022163099
1403638208.1951  -1.06111128654271 -0.211521612816726  0.645620324561947 -0.0969778899797364 -0.429981392246634 -0.240132417159784 0.864897516128774
1403638208.2951  -1.06042418303895 -0.206556132974314  0.636852471669405 -0.0922243677374049 -0.430940903949283 -0.237930893380361 0.865548088365998
1403638208.3951  -1.06513697830624 -0.204110087346332   0.62428147478948 -0.0979924984009658 -0.426596477644934 -0.242369152203451 0.865834920512133
1403638208.4951   -1.0677785795877 -0.200298146476801  0.612694723570972 -0.102428030935593 -0.426366974514515 -0.245829333953962 0.864458003658794
1403638208.5951  -1.06971316399511 -0.196849689716758  0.601651691866852 -0.1065079653681 -0.433087257184753 -0.249720944152242 0.8594945788247
1403638208.6951  -1.07186278323996 -0.194467336125432  0.590448543510706 -0.107992721257538 -0.443123739104571 -0.251521469450093 0.853648566099095
1403638208.7951  -1.07525310131598 -0.193748019169515  0.578665660556776 -0.110409420788987 -0.451107361182564 -0.252899783152614 0.848736477458878
1403638208.9451  -1.07372254588155 -0.189349110357849  0.564870590679157 -0.10685131912074 -0.46330228760818 -0.253745551133392 0.842346117210257
1403638209.0951   -1.0726408779256 -0.184782097934578  0.551045900910839 -0.10688201096131 -0.470103305864476 -0.25365451887144 0.838593168708317
1403638209.2451  -1.07279598780526 -0.180135437091362   0.53841241873371 -0.10823126214638 -0.472306788696288 -0.254065988994416 0.837056010361249
1403638209.3951   -1.0720622186529 -0.175752484383634  0.526168620817947 -0.112304177092287 -0.4739499770436 -0.252389746722305 0.836097247225133
1403638209.5451 -1.06999052275612 -0.17006999078696 0.514780927887838 -0.110596609362486 -0.475227878773189 -0.25013284546188 0.83627771275779
1403638209.6951  -1.06701843070493 -0.162410711041607  0.505062125783998 -0.113670316641099 -0.474131602779687 -0.249459370902262 0.836688893573546
1403638209.8451 -1.05653481733867  -0.1447438613768 0.493422451251332 -0.105837836554132 -0.472803238607389 -0.252300174356558 0.837615706595546
1403638209.9451  -1.04974584491156 -0.132372134499261  0.486764718849274 -0.0980184888997777 -0.473270263180995 -0.2516498665028 0.838498645503687
1403638210.0451  -1.04334511155387 -0.120852253874017  0.480659718615892 -0.0895610602480806 -0.474744106106388 -0.24919225207986 0.839345025426287
1403638210.1951  -1.03202229964462 -0.104408725462873   0.47078110982093 -0.0780167894184398 -0.477926712102688 -0.242504245680048 0.840649230805991
1403638210.3451   -1.02413505534172 -0.0923538083657002   0.462157091991018 -0.0799150633854563 -0.477213364100782 -0.242762505428488 0.840801613774496
1403638210.4951   -1.01365172120844 -0.0796728420658227   0.452450465225317 -0.0826772318109583 -0.476726078931363 -0.24057974804077 0.841438117653012
1403638210.6451    -1.0018001711855 -0.0680546330127421   0.443979853403824 -0.081506079437979 -0.476769790031734 -0.239619316111676 0.84180158569221
1403638210.7951  -0.986371309668751 -0.0550739698710633   0.433909276727702 -0.0822386793254008 -0.476752417783401 -0.237711482576187 0.842280940548892
1403638210.9451   -0.97009816344182 -0.0437595834596539    0.42327080492166 -0.0903633278359823 -0.475122866827264 -0.240087397922139 0.841695177459884
1403638211.0951  -0.953121554890779 -0.0345639849893153   0.412338825254831 -0.0988303182508776 -0.473952071483322 -0.242002481210897 0.840854803886419
1403638211.2451   -0.93668726176568 -0.0271509506249071   0.401662241123216 -0.105169849368277 -0.47295172552764 -0.24315263825349 0.840317060766143
1403638211.3951  -0.918680927775445 -0.0216883577416519   0.390914417834051 -0.105474773889069 -0.466760082093825 -0.242940586621761 0.843794980554335
1403638211.5451  -0.900196426472537 -0.0158224455062642   0.381234376243271 -0.106123332573466 -0.449518423492236 -0.238786495568021 0.854196719004996
1403638211.6451  -0.887554766455843 -0.0115988877756111   0.375384560003706 -0.105775872713522 -0.433831948651235 -0.231048393401186 0.864417691274245
1403638211.7451   -0.875130849019982 -0.00698447193340624    0.370567586648087 -0.105867580330511 -0.412902097084113 -0.222966583421228 0.876692543789423
1403638211.8451   -0.861802386910802 -0.00251792383184029    0.365755728598513 -0.107703999386429 -0.389181725236862 -0.211998917908641 0.88994038680318
1403638211.9451  -0.848017916029376 0.00140801499180171   0.360954774625436 -0.106403785262434 -0.364054259889509 -0.203554237902223 0.902611988935541
1403638212.0451  -0.833958879492677 0.00447802248076948   0.356201386944032 -0.104480650098771 -0.339056225619965 -0.196717351612318 0.914016932664771
1403638212.1451  -0.819538318376809 0.00648384107137039   0.351761946331052 -0.100023405366023 -0.313753099610347 -0.193985157653298 0.92408012070064
1403638212.2451  -0.804844479094046 0.00775797895353858   0.347435734424435 -0.0946025673491791 -0.288092477990814 -0.191434915211362 0.93349116311515
1403638212.3451 -0.790120617274532 0.0080906358487486  0.343133509028297 -0.0911707358275652 -0.263135816525674 -0.187548092018658 0.941951778049274
1403638212.4451 -0.775159001971544 0.0076607563306365  0.338854990829381 -0.0866260106752822 -0.237675648777157 -0.184585499887646 0.949702276234016
1403638212.5451  -0.760007251525344 0.00662142524763661   0.334736485211423 -0.0825437547216923 -0.21375979453273 -0.176097596435285 0.957331141939656
1403638212.6451  -0.745320641178112 0.00431022959535078    0.33018912263394 -0.0807843329762028 -0.188607639729422 -0.168974568543507 0.964027305094012
1403638212.7451  -0.730288868427358 0.00163604138505136   0.326115335167351 -0.0789994164900941 -0.161679783685365 -0.165335255055839 0.969681903088481
1403638212.8451   -0.715107543653077 -0.00213891702794893     0.32137575876366 -0.0748076799072566 -0.135066154664242 -0.157633402588146 0.97535257998305
1403638212.9451    -0.69992015557143 -0.00618791991982948    0.316849047560699 -0.071984873832032 -0.106626567582596 -0.148530577009415 0.980503758645621
1403638213.0451  -0.684123052956187 -0.0107660901853509   0.311767453358682 -0.0692807172641885 -0.0767449327701685 -0.140131282636632 0.984720072475459
1403638213.0951  -0.676973933861236 -0.0131333869628833   0.310227848027462 -0.0678973595687373 -0.0606608307220204 -0.134889789517991 0.98666861552575
1403638213.1451  -0.669280490517971 -0.0160995095886025   0.307686909208913 -0.0679656315272146 -0.0461654671130896 -0.128339532901001 0.988320993843645
1403638213.1951  -0.661528822364023 -0.0187633594847721   0.305426373942715 -0.0698736992157648 -0.0312325782189191 -0.121678372756591 0.989614352068023
1403638213.2451  -0.653645367833497 -0.0211570340093588   0.303453802677809 -0.0734430070234431 -0.0164431246999308 -0.113395666225525 0.990695296875243
1403638213.2951  -0.645403317934933 -0.0236684781153828   0.301148190774921 -0.0768828597440585 -0.0021296612367835 -0.104217404676989 0.991576130704539
1403638213.3451  -0.639087824361052 -0.0249976151724166   0.300451592829593 -0.0804247464544327 0.0146735243016032 -0.0944715150833222 0.992165147886264
1403638213.3951  -0.629749952163798 -0.0276790392885528   0.297929674546614 -0.0832930146116107 0.0275965071790526 -0.0846628068255214 0.992538621741669
1403638213.4451  -0.620753488729572 -0.0298905113027119   0.296167456279403 -0.0857414255990396 0.0407562186255442 -0.0742083844414411 0.992713681913462
1403638213.4951  -0.611833170274069 -0.0318286638680978   0.294738628740742 -0.084844712520042 0.0542401137456227 -0.0649794409343601 0.992792554904654
1403638213.5451  -0.602679014961123 -0.0335711118163303   0.293796725163404 -0.0827386031948146 0.0675653487573762 -0.0590461790173756 0.992523448555304
1403638213.5951  -0.593334816506207 -0.0354710891008835   0.292661538428813 -0.0757009107639124 0.0802467848940839 -0.0599265599058621 0.992088016781538
1403638213.6451  -0.583882488187416 -0.0375766097550857   0.291623071003228 -0.0665626394241823 0.0916892611650577 -0.0651507656324737 0.991422146291576
1403638213.6951  -0.574552919249421 -0.0397169446740446   0.290602754117458 -0.0571867181281887 0.101333381267228 -0.0707522844378554 0.990684278343763
1403638213.7451  -0.564915977916425 -0.0422381556369028   0.289456271096412 -0.0494304950582972 0.109331616975003 -0.0776121120571177 0.989737128610398
1403638213.7951  -0.555204273490855 -0.0449649667303327   0.288248504226584 -0.0439105870923853 0.115819515024457 -0.083507014759547 0.98877918605048
1403638213.8451 -0.547425849307993 -0.047002175292521  0.288173706578696 -0.0396674313929193 0.122788392580198 -0.0880680836488901 0.987721376794423
1403638213.8951  -0.537353618678055 -0.0501436002570113   0.286126634842904 -0.0377830730302258 0.125365275776341 -0.0902186258172853 0.987277360510994
1403638213.9451  -0.527757640055391 -0.0531826001410881   0.284537581744483 -0.0381764700309519 0.12838423956624 -0.0940203772683645 0.986519240980777
1403638213.9951  -0.518447894714183 -0.0563947358594463   0.283019673600544 -0.0388460927380581 0.128782531169909 -0.0933749517171756 0.986502488155135
1403638214.0451  -0.509103281884143 -0.0596157338267903   0.281486436984088 -0.0430045194867515 0.129781874316864 -0.0948635301583926 0.98605688834286
1403638214.0951  -0.500312550172783 -0.0627718379791209   0.279895415306653 -0.0491073871754737 0.130851084393448 -0.0958453900722013 0.985535448088888
1403638214.1451  -0.491070756858135 -0.0661664481020163   0.278396544028607 -0.0543924013213925 0.130558024982399 -0.0958205395708152 0.985299189580275
1403638214.1951  -0.481951629915296 -0.0695641110037429   0.276920107861512 -0.061459298087095 0.130071190683811 -0.0962069595992616 0.984910382195966
1403638214.2451  -0.472880839022702 -0.0729433320182524   0.275552094980135 -0.0663662646767064 0.129146139097969 -0.0966450702357427 0.984670769378312
1403638214.2951  -0.463806867877238 -0.0762104812603304   0.274360710222466 -0.0711616938684071 0.127837632045365 -0.0966307829648353 0.98450802177657
1403638214.3451  -0.454695815562245 -0.0793810096258292    0.27327393843552 -0.0751332168461281 0.126320219023313 -0.0971083244941302 0.984361811178287
1403638214.3951  -0.445525726670339 -0.0824175283076735   0.272344514186587 -0.07799189423331 0.124817615956573 -0.0982409245872014 0.984218750033279
1403638214.4451 -0.436485919346498 -0.085229086760782  0.271682480392694 -0.078347164930501 0.123016553006105 -0.0994539374669904 0.98429546567896
1403638214.4951  -0.427305382763869 -0.0881634423204315     0.2710863727921 -0.074853476102503 0.120730815944181 -0.101189452362499 0.984673408764247
1403638214.5451  -0.418182241215203 -0.0909337102551298   0.270670939493914 -0.0695423692303834 0.11853670187417 -0.102799007474682 0.985162561840856
1403638214.5951  -0.409146804805342 -0.0936029085429078   0.270521232222974 -0.0641872605184923 0.116703834343483 -0.10475425744395 0.985538815158503
1403638214.6451  -0.400352989167105 -0.0961625320650762   0.270555715906496 -0.058562011357832 0.114759305450369 -0.105898017833262 0.985995133079905
1403638214.6951  -0.391108300022913 -0.0986524920975489   0.270446201974478 -0.0530432154734193 0.112567462176367 -0.107533134193755 0.986383094341078
1403638214.7451 -0.382065707523904  -0.10017045815158  0.271421682783012 -0.0473473891457582 0.110618591295163 -0.108388816066354 0.9867996841065
1403638214.8451 -0.363945644955961 -0.104522486909691  0.271143177685516 -0.0411324538177159 0.107013541667677 -0.110697263487202 0.987219498895316
1403638214.9451 -0.345834091121545 -0.108120582373369  0.271176893015453 -0.0372386202237674 0.104381182597701 -0.112458791154172 0.987456770788209
1403638215.0451 -0.327861690895412 -0.111108418918712   0.27127187091784 -0.0361233771381293 0.102490589915782 -0.112784185248895 0.987659105238541
1403638215.1451 -0.309992095887538 -0.113564898196756  0.271276926281578 -0.0369816902756761 0.101722907839309 -0.114507059637475 0.987508449532585
1403638215.2451 -0.292528730081542  -0.11523510579631  0.271309650806072 -0.0404372527852707 0.102607590210174 -0.116293374673329 0.987072622467835
1403638215.3451 -0.275298484793012  -0.11696551754472  0.271121843803817 -0.0435296616498391 0.104472382835076 -0.120658584505662 0.986221169802444
1403638215.4451  -0.25858397911472 -0.118747654979033  0.270847778151244 -0.0430722270849139 0.10618274059923 -0.126843666266509 0.985282037378563
1403638215.5451 -0.242886739942269 -0.120110268853309  0.271235378874905 -0.0428949148984432 0.106751333824001 -0.12750696603138 0.985142706726353
1403638215.6451 -0.227609308919155 -0.123316338303573  0.270132391830348 -0.0395823609011301 0.106030196276988 -0.12765275352283 0.985340351706453
1403638215.7451  -0.21318767799904 -0.126556795673171  0.269087776803937 -0.038443106540982 0.104578380334397 -0.12284521773868 0.986151379051335
1403638215.8451 -0.199119328833648 -0.129269562477439  0.268068491564523 -0.037807638645081 0.10750859036225 -0.117743927687488 0.986483072815306
1403638215.9451 -0.185285511751019 -0.130990178468785  0.267141739582762 -0.0366611028323593 0.112252965422241 -0.115602604041479 0.98625112077597
1403638216.0451 -0.17164394854288 -0.13233304003211 0.266148732058345 -0.0360828803322368 0.115930245229827 -0.11333602359364 0.986110110354753
1403638216.1451 -0.158364405841149 -0.133567280594092  0.264968538975375 -0.0358283101454796 0.119640997399297 -0.114015121096005 0.985597745581271
1403638216.2451 -0.145658095333228 -0.135419388338619  0.263440437398326 -0.0335976096845486 0.12224449542117 -0.115410595372059 0.98519433536667
1403638216.3451  -0.13371967711975 -0.137039584819993  0.262412919345323 -0.0313305293541599 0.124232877079865 -0.11634543921786 0.984910315184104
1403638216.4951 -0.116781217606611 -0.141344556004291  0.258816832256825 -0.0293861262840725 0.125884238506784 -0.116940846310049 0.984690028659716
1403638216.6451  -0.10066509354121 -0.144399996943336   0.25515077021719 -0.0323435402004023 0.128434055483088 -0.120386712793337 0.983852442280999
1403638216.7951 -0.0850711011351453  -0.145573907201835   0.251597958705688 -0.0323696859869471 0.130514509847754 -0.124763749420518 0.983032132220937
1403638216.9451 -0.0702798900878174  -0.145719594158409   0.248054913406556 -0.0237351806734504 0.139939036742362 -0.122272331954505 0.982294855953357
1403638217.0951 -0.056269443829173 -0.144666877560449  0.244308889045201 -0.0244057776063078 0.157425286470515 -0.108763354446959 0.981219735802615
1403638217.2451 -0.0433997450603688  -0.142491108580718   0.241280074622342 -0.0276457012178283 0.178429399366885 -0.099049990411208 0.978564133843708
1403638217.3951 -0.031138276822812 -0.141302050431956  0.236428154431228 -0.0301527619367032 0.191726268177034 -0.0949081649849903 0.97638326965269
1403638217.5951 -0.0172670704718064  -0.141894969621295   0.229956847171096 -0.0330877126307807 0.202860497224284 -0.0998805164222923 0.973538239812898
1403638217.7951 -0.00602689314136306   -0.145124600518902    0.223011891280588 -0.0374854802402807 0.209476352341232 -0.115129788080253 0.970288425406365
1403638218.1451  0.006466665569444 -0.150961317371413   0.21380828311935 -0.0311860331584068 0.206121605459636 -0.122460700824626 0.970332258482694
1403638218.9451 0.0058005016001531  -0.15136204334587  0.195027816916333 -0.0367362218180385 0.209075417348338 -0.0917452304955362 0.972892970757049
1403638219.2951 0.00171179442532595  -0.147095693082912   0.188051234250149 -0.0170360961910745 0.218648013807816 -0.0786800839084137 0.972477383737345
1403638219.4951 -0.000345103655288095    -0.144173917403469     0.183266306843667 0.00360040597732948 0.221335835672308 -0.0908356033477844 0.970951274827158
1403638219.8451 -0.00755268449532898   -0.140200715141176    0.169439813076063 -0.00924983704059083 0.215465901529874 -0.0674636400452063 0.974134253100922
1403638220.1451 -0.0110851749682891  -0.132562506312639   0.154603472741485 -0.0211066153655091 0.21280550559668 -0.0538949598654446 0.975378726893639
1403638220.3951 -0.0114887390511341  -0.128071558416273   0.140529412996739 -0.0291561858712179 0.224540289463838 -0.0867161078607276 0.970160755684554
1403638220.8951 -0.0157788865261249  -0.123681323222674   0.112908820453332 -0.0282054804683844 0.229706743019925 -0.0875899207417289 0.968900030378358
1403638221.2951 -0.0198790315052921   -0.11323417437353  0.0943126139947947 -0.034864115601935 0.231926600728072 -0.0816896448943901 0.968669885582826
1403638221.8451 -0.0267370386893775  -0.103828813976956   0.072559105245046 -0.0282858031021355 0.229543290367225 -0.0709738206971307 0.970295062321718
1403638222.3451 -0.0323571512749846  -0.100482548867275  0.0535986464998056 -0.0448488906859629 0.233781226001505 -0.0788182374556999 0.968050928834764
1403638222.8451  -0.035161967594932 -0.0913999844759687  0.0428968746915938 -0.0283186987686295 0.232073305998098 -0.080520898651258 0.968946034009923
1403638223.2951 -0.0387249710956463 -0.0829776220969805  0.0338589354687547 -0.0468551608567233 0.231185821486504 -0.0696636283957836 0.969280500538123
1403638223.7951 -0.0389833505243346 -0.0763183679995737    0.02551514419616 -0.0319919361718961 0.233000744480108 -0.0785369609076684 0.968771962261025
1403638224.0451 -0.0374208127527454 -0.0719884702001268  0.0217043933967176 -0.0374739092459797 0.236538562386632 -0.0892059222492764 0.966792386226508
1403638224.1951 -0.0369083511635902  -0.068546347984258  0.0203240179605586 -0.052226509482655 0.236846668775447 -0.0840902064976584 0.966491016186086
1403638224.3951 -0.0369525679953208 -0.0657778629448826  0.0196459557431107 -0.0401060451169221 0.234669624318585 -0.0811830749882101 0.967848635326161
1403638224.5451 -0.0372131931307514 -0.0640515246108295  0.0199098986487552 -0.0218130876162422 0.231466040723892 -0.078609479068069 0.969416428064275
1403638224.6951 -0.0374865457316978 -0.0617583027302319  0.0200600090687683 -0.0342273697582385 0.233106839899261 -0.0790357091446716 0.968629467356642
1403638224.7951 -0.0377888976887154  -0.060232782600584  0.0201045387670206 -0.0493277630952926 0.234718860585668 -0.0768907802636134 0.967761146246238
1403638224.9451 -0.0385628543013065  -0.059731201094238  0.0207816189339964 -0.0352185846562866 0.230119825400909 -0.0698140773130346 0.970015727635997
1403638225.0951 -0.0391533542991579 -0.0600851038659674  0.0215081491512471 -0.0214865887787962 0.226191521433908 -0.066378707583831 0.971580974141407
1403638225.2951 -0.0393041279623176  -0.060707369672995  0.0217265598542084 -0.0403668005398465 0.230094247934488 -0.0763105250430496 0.969331657509076
1403638225.4451 -0.0392569867162488 -0.0614727077360506  0.0222242867797132 -0.0338075488249363 0.230273079251177 -0.0808512158883015 0.969172038135652
1403638225.5451 -0.0390115817852812 -0.0613124160238908  0.0229214453047936 -0.0161995382963646 0.229366270003958 -0.0857750596947363 0.969418035874009
1403638225.6451 -0.0387631903810856 -0.0603616122212765  0.0235762592564973 0.00103975428619507 0.228126699368403 -0.0900271836509136 0.969459764069756
1403638225.7451 -0.0385633068359895 -0.0581932692849437  0.0239083411339483 -0.00267122684015449 0.22866635136793 -0.0906977239952934 0.969266984458524
1403638225.7951 -0.0384218064192749 -0.0563542246557456  0.0240956518125543 -0.0106369985144685 0.229220063518458 -0.0887419038506729 0.969262550212354
1403638225.8451 -0.0383920981082112 -0.0546547751805384  0.0240633742904109 -0.0218060014593665 0.230361812024551 -0.0874234287485367 0.968924701907723
1403638225.8951 -0.0383393271259079 -0.0527932990887434  0.0240866046743746 -0.0320852456212315 0.231327605300359 -0.0858742489317699 0.968547205566064
1403638225.9451 -0.0382523233287519 -0.0508965883832941  0.0242288475929312 -0.0395562166661307 0.231682026195817 -0.0839259888489212 0.968356944962235
1403638225.9951 -0.0382896842860569 -0.0490068429419223  0.0243111305009778 -0.0464699145279541 0.231346318559138 -0.0796078926224823 0.968494714164773
1403638226.0451 -0.0384773624316549 -0.0477584604199538  0.0248957329789082 -0.0559978871685375 0.229758839276739 -0.0782400967757763 0.968480046084266
1403638226.0951 -0.0380793209940212 -0.0462242465196728  0.0261974287335446 -0.0501928477095861 0.222762532538959 -0.0595083051619231 0.971759380583685
1403638226.1451 -0.0391953381798805 -0.0453381620109454  0.0265307488869394 -0.0515092498143494 0.22051912313579 -0.0548847708769148 0.97247404872355
1403638226.2451 -0.0399670780308926 -0.0428658603981089  0.0292708755386041 -0.0605150507105973 0.232770562837352 -0.0817627158848517 0.967197318030302
1403638226.2951 -0.0397373088273648 -0.0409646124333221  0.0276394846601794 -0.0450598571418819 0.230426783636212 -0.0710553139386205 0.969445330598125
1403638226.3951 -0.0412732946695371 -0.0382346394498561  0.0280121846602458 -0.0524124494009211 0.229776318344628 -0.0830216194150035 0.968278466860383
